1.0,-0.127
2.0,-0.127
3.0,-0.127
4.0,-0.127
5.0,-0.127
6.0,-0.127
7.0,-0.127
8.0,-0.126
9.0,-0.126
10.0,-0.126
11.0,-0.126
12.0,-0.126
13.0,-0.126
14.0,-0.126
15.0,-0.126
16.0,-0.126
17.0,-0.125
18.0,-0.125
19.0,-0.125
20.0,-0.125
21.0,-0.125
22.0,-0.125
23.0,-0.125
24.0,-0.125
25.0,-0.124
26.0,-0.124
27.0,-0.124
28.0,-0.124
29.0,-0.124
30.0,-0.124
31.0,-0.124
32.0,-0.124
33.0,-0.123
34.0,-0.123
35.0,-0.123
36.0,-0.123
37.0,-0.123
38.0,-0.123
39.0,-0.123
40.0,-0.123
41.0,-0.123
42.0,-0.122
43.0,-0.122
44.0,-0.122
45.0,-0.122
46.0,-0.122
47.0,-0.122
48.0,-0.122
49.0,-0.122
50.0,-0.121
51.0,-0.121
52.0,-0.121
53.0,-0.121
54.0,-0.121
55.0,-0.121
56.0,-0.121
57.0,-0.121
58.0,-0.121
59.0,-0.12
60.0,-0.12
61.0,-0.12
62.0,-0.12
63.0,-0.12
64.0,-0.12
65.0,-0.12
66.0,-0.12
67.0,-0.119
68.0,-0.119
69.0,-0.119
70.0,-0.119
71.0,-0.119
72.0,-0.119
73.0,-0.119
74.0,-0.119
75.0,-0.118
76.0,-0.118
77.0,-0.118
78.0,-0.118
79.0,-0.118
80.0,-0.118
81.0,-0.118
82.0,-0.118
83.0,-0.118
84.0,-0.117
85.0,-0.117
86.0,-0.117
87.0,-0.117
88.0,-0.117
89.0,-0.117
90.0,-0.117
91.0,-0.117
92.0,-0.116
93.0,-0.116
94.0,-0.116
95.0,-0.116
96.0,-0.116
97.0,-0.116
98.0,-0.116
99.0,-0.116
100.0,-0.115
101.0,-0.115
102.0,-0.115
103.0,-0.115
104.0,-0.115
105.0,-0.115
106.0,-0.115
107.0,-0.115
108.0,-0.115
109.0,-0.114
110.0,-0.114
111.0,-0.114
112.0,-0.114
113.0,-0.114
114.0,-0.114
115.0,-0.114
116.0,-0.114
117.0,-0.113
118.0,-0.113
119.0,-0.113
120.0,-0.113
121.0,-0.113
122.0,-0.113
123.0,-0.113
124.0,-0.113
125.0,-0.113
126.0,-0.112
127.0,-0.112
128.0,-0.112
129.0,-0.112
130.0,-0.112
131.0,-0.112
132.0,-0.112
133.0,-0.112
134.0,-0.111
135.0,-0.111
136.0,-0.111
137.0,-0.111
138.0,-0.111
139.0,-0.111
140.0,-0.111
141.0,-0.111
142.0,-0.11
143.0,-0.11
144.0,-0.11
145.0,-0.11
146.0,-0.11
147.0,-0.11
148.0,-0.11
149.0,-0.11
150.0,-0.11
151.0,-0.109
152.0,-0.109
153.0,-0.109
154.0,-0.109
155.0,-0.109
156.0,-0.109
157.0,-0.109
158.0,-0.109
159.0,-0.108
160.0,-0.108
161.0,-0.108
162.0,-0.108
163.0,-0.108
164.0,-0.108
165.0,-0.108
166.0,-0.108
167.0,-0.107
168.0,-0.107
169.0,-0.107
170.0,-0.107
171.0,-0.107
172.0,-0.107
173.0,-0.107
174.0,-0.107
175.0,-0.107
176.0,-0.106
177.0,-0.106
178.0,-0.106
179.0,-0.106
180.0,-0.106
181.0,-0.106
182.0,-0.106
183.0,-0.106
184.0,-0.105
185.0,-0.105
186.0,-0.105
187.0,-0.105
188.0,-0.105
189.0,-0.105
190.0,-0.105
191.0,-0.105
192.0,-0.105
193.0,-0.104
194.0,-0.104
195.0,-0.104
196.0,-0.104
197.0,-0.104
198.0,-0.104
199.0,-0.104
200.0,-0.104
201.0,-0.103
202.0,-0.103
203.0,-0.103
204.0,-0.103
205.0,-0.103
206.0,-0.103
207.0,-0.103
208.0,-0.103
209.0,-0.102
210.0,-0.102
211.0,-0.102
212.0,-0.102
213.0,-0.102
214.0,-0.102
215.0,-0.102
216.0,-0.102
217.0,-0.102
218.0,-0.101
219.0,-0.101
220.0,-0.101
221.0,-0.101
222.0,-0.101
223.0,-0.101
224.0,-0.101
225.0,-0.101
226.0,-0.1
227.0,-0.1
228.0,-0.1
229.0,-0.1
230.0,-0.1
231.0,-0.1
232.0,-0.1
233.0,-0.1
234.0,-0.1
235.0,-0.099
236.0,-0.099
237.0,-0.099
238.0,-0.099
239.0,-0.099
240.0,-0.099
241.0,-0.099
242.0,-0.099
243.0,-0.098
244.0,-0.098
245.0,-0.098
246.0,-0.098
247.0,-0.098
248.0,-0.098
249.0,-0.098
250.0,-0.098
251.0,-0.097
252.0,-0.097
253.0,-0.097
254.0,-0.097
255.0,-0.097
256.0,-0.097
257.0,-0.097
258.0,-0.097
259.0,-0.097
260.0,-0.096
261.0,-0.096
262.0,-0.096
263.0,-0.096
264.0,-0.096
265.0,-0.096
266.0,-0.096
267.0,-0.096
268.0,-0.095
269.0,-0.095
270.0,-0.095
271.0,-0.095
272.0,-0.095
273.0,-0.095
274.0,-0.095
275.0,-0.095
276.0,-0.094
277.0,-0.094
278.0,-0.094
279.0,-0.094
280.0,-0.094
281.0,-0.094
282.0,-0.094
283.0,-0.094
284.0,-0.094
285.0,-0.093
286.0,-0.093
287.0,-0.093
288.0,-0.093
289.0,-0.093
290.0,-0.093
291.0,-0.093
292.0,-0.093
293.0,-0.092
294.0,-0.092
295.0,-0.092
296.0,-0.092
297.0,-0.092
298.0,-0.092
299.0,-0.092
300.0,-0.092
301.0,-0.092
302.0,-0.091
303.0,-0.091
304.0,-0.091
305.0,-0.091
306.0,-0.091
307.0,-0.091
308.0,-0.091
309.0,-0.091
310.0,-0.09
311.0,-0.09
312.0,-0.09
313.0,-0.09
314.0,-0.09
315.0,-0.09
316.0,-0.09
317.0,-0.09
318.0,-0.089
319.0,-0.089
320.0,-0.089
321.0,-0.089
322.0,-0.089
323.0,-0.089
324.0,-0.089
325.0,-0.089
326.0,-0.089
327.0,-0.088
328.0,-0.088
329.0,-0.088
330.0,-0.088
331.0,-0.088
332.0,-0.088
333.0,-0.088
334.0,-0.088
335.0,-0.087
336.0,-0.087
337.0,-0.087
338.0,-0.087
339.0,-0.087
340.0,-0.087
341.0,-0.087
342.0,-0.087
343.0,-0.086
344.0,-0.086
345.0,-0.086
346.0,-0.086
347.0,-0.086
348.0,-0.086
349.0,-0.086
350.0,-0.086
351.0,-0.086
352.0,-0.085
353.0,-0.085
354.0,-0.085
355.0,-0.085
356.0,-0.085
357.0,-0.085
358.0,-0.085
359.0,-0.085
360.0,-0.084
361.0,-0.084
362.0,-0.084
363.0,-0.084
364.0,-0.084
365.0,-0.084
366.0,-0.084
367.0,-0.084
368.0,-0.084
369.0,-0.083
370.0,-0.083
371.0,-0.083
372.0,-0.083
373.0,-0.083
374.0,-0.083
375.0,-0.083
376.0,-0.083
377.0,-0.082
378.0,-0.082
379.0,-0.082
380.0,-0.082
381.0,-0.082
382.0,-0.082
383.0,-0.082
384.0,-0.082
385.0,-0.081
386.0,-0.081
387.0,-0.081
388.0,-0.081
389.0,-0.081
390.0,-0.081
391.0,-0.081
392.0,-0.081
393.0,-0.081
394.0,-0.08
395.0,-0.08
396.0,-0.08
397.0,-0.08
398.0,-0.08
399.0,-0.08
400.0,-0.08
401.0,-0.08
402.0,-0.079
403.0,-0.079
404.0,-0.079
405.0,-0.079
406.0,-0.079
407.0,-0.079
408.0,-0.079
409.0,-0.079
410.0,-0.078
411.0,-0.078
412.0,-0.078
413.0,-0.078
414.0,-0.078
415.0,-0.078
416.0,-0.078
417.0,-0.078
418.0,-0.078
419.0,-0.077
420.0,-0.077
421.0,-0.077
422.0,-0.077
423.0,-0.077
424.0,-0.077
425.0,-0.077
426.0,-0.077
427.0,-0.076
428.0,-0.076
429.0,-0.076
430.0,-0.076
431.0,-0.076
432.0,-0.076
433.0,-0.076
434.0,-0.076
435.0,-0.076
436.0,-0.075
437.0,-0.075
438.0,-0.075
439.0,-0.075
440.0,-0.075
441.0,-0.075
442.0,-0.075
443.0,-0.075
444.0,-0.074
445.0,-0.074
446.0,-0.074
447.0,-0.074
448.0,-0.074
449.0,-0.074
450.0,-0.074
451.0,-0.074
452.0,-0.073
453.0,-0.073
454.0,-0.073
455.0,-0.073
456.0,-0.073
457.0,-0.073
458.0,-0.073
459.0,-0.073
460.0,-0.073
461.0,-0.072
462.0,-0.072
463.0,-0.072
464.0,-0.072
465.0,-0.072
466.0,-0.072
467.0,-0.072
468.0,-0.072
469.0,-0.071
470.0,-0.071
471.0,-0.071
472.0,-0.071
473.0,-0.071
474.0,-0.071
475.0,-0.071
476.0,-0.071
477.0,-0.07
478.0,-0.07
479.0,-0.07
480.0,-0.07
481.0,-0.07
482.0,-0.07
483.0,-0.07
484.0,-0.07
485.0,-0.07
486.0,-0.069
487.0,-0.069
488.0,-0.069
489.0,-0.069
490.0,-0.069
491.0,-0.069
492.0,-0.069
493.0,-0.069
494.0,-0.068
495.0,-0.068
496.0,-0.068
497.0,-0.068
498.0,-0.068
499.0,-0.068
500.0,-0.068
501.0,-0.068
502.0,-0.068
503.0,-0.067
504.0,-0.067
505.0,-0.067
506.0,-0.067
507.0,-0.067
508.0,-0.067
509.0,-0.067
510.0,-0.067
511.0,-0.066
512.0,-0.066
513.0,-0.066
514.0,-0.066
515.0,-0.066
516.0,-0.066
517.0,-0.066
518.0,-0.066
519.0,-0.065
520.0,-0.065
521.0,-0.065
522.0,-0.065
523.0,-0.065
524.0,-0.065
525.0,-0.065
526.0,-0.065
527.0,-0.065
528.0,-0.064
529.0,-0.064
530.0,-0.064
531.0,-0.064
532.0,-0.064
533.0,-0.064
534.0,-0.064
535.0,-0.064
536.0,-0.063
537.0,-0.063
538.0,-0.063
539.0,-0.063
540.0,-0.063
541.0,-0.063
542.0,-0.063
543.0,-0.063
544.0,-0.062
545.0,-0.062
546.0,-0.062
547.0,-0.062
548.0,-0.062
549.0,-0.062
550.0,-0.062
551.0,-0.062
552.0,-0.062
553.0,-0.061
554.0,-0.061
555.0,-0.061
556.0,-0.061
557.0,-0.061
558.0,-0.061
559.0,-0.061
560.0,-0.061
561.0,-0.06
562.0,-0.06
563.0,-0.06
564.0,-0.06
565.0,-0.06
566.0,-0.06
567.0,-0.06
568.0,-0.06
569.0,-0.06
570.0,-0.059
571.0,-0.059
572.0,-0.059
573.0,-0.059
574.0,-0.059
575.0,-0.059
576.0,-0.059
577.0,-0.059
578.0,-0.058
579.0,-0.058
580.0,-0.058
581.0,-0.058
582.0,-0.058
583.0,-0.058
584.0,-0.058
585.0,-0.058
586.0,-0.057
587.0,-0.057
588.0,-0.057
589.0,-0.057
590.0,-0.057
591.0,-0.057
592.0,-0.057
593.0,-0.057
594.0,-0.057
595.0,-0.056
596.0,-0.056
597.0,-0.056
598.0,-0.056
599.0,-0.056
600.0,-0.056
601.0,-0.056
602.0,-0.056
603.0,-0.055
604.0,-0.055
605.0,-0.055
606.0,-0.055
607.0,-0.055
608.0,-0.055
609.0,-0.055
610.0,-0.055
611.0,-0.054
612.0,-0.054
613.0,-0.054
614.0,-0.054
615.0,-0.054
616.0,-0.054
617.0,-0.054
618.0,-0.054
619.0,-0.054
620.0,-0.053
621.0,-0.053
622.0,-0.053
623.0,-0.053
624.0,-0.053
625.0,-0.053
626.0,-0.053
627.0,-0.053
628.0,-0.052
629.0,-0.052
630.0,-0.052
631.0,-0.052
632.0,-0.052
633.0,-0.052
634.0,-0.052
635.0,-0.052
636.0,-0.052
637.0,-0.051
638.0,-0.051
639.0,-0.051
640.0,-0.051
641.0,-0.051
642.0,-0.051
643.0,-0.051
644.0,-0.051
645.0,-0.05
646.0,-0.05
647.0,-0.05
648.0,-0.05
649.0,-0.05
650.0,-0.05
651.0,-0.05
652.0,-0.05
653.0,-0.049
654.0,-0.049
655.0,-0.049
656.0,-0.049
657.0,-0.049
658.0,-0.049
659.0,-0.049
660.0,-0.049
661.0,-0.049
662.0,-0.048
663.0,-0.048
664.0,-0.048
665.0,-0.048
666.0,-0.048
667.0,-0.048
668.0,-0.048
669.0,-0.048
670.0,-0.047
671.0,-0.047
672.0,-0.047
673.0,-0.047
674.0,-0.047
675.0,-0.047
676.0,-0.047
677.0,-0.047
678.0,-0.047
679.0,-0.046
680.0,-0.046
681.0,-0.046
682.0,-0.046
683.0,-0.046
684.0,-0.046
685.0,-0.046
686.0,-0.046
687.0,-0.045
688.0,-0.045
689.0,-0.045
690.0,-0.045
691.0,-0.045
692.0,-0.045
693.0,-0.045
694.0,-0.045
695.0,-0.044
696.0,-0.044
697.0,-0.044
698.0,-0.044
699.0,-0.044
700.0,-0.044
701.0,-0.044
702.0,-0.044
703.0,-0.044
704.0,-0.043
705.0,-0.043
706.0,-0.043
707.0,-0.043
708.0,-0.043
709.0,-0.043
710.0,-0.043
711.0,-0.043
712.0,-0.042
713.0,-0.042
714.0,-0.042
715.0,-0.042
716.0,-0.042
717.0,-0.042
718.0,-0.042
719.0,-0.042
720.0,-0.041
721.0,-0.041
722.0,-0.041
723.0,-0.041
724.0,-0.041
725.0,-0.041
726.0,-0.041
727.0,-0.041
728.0,-0.041
729.0,-0.04
730.0,-0.04
731.0,-0.04
732.0,-0.04
733.0,-0.04
734.0,-0.04
735.0,-0.04
736.0,-0.04
737.0,-0.039
738.0,-0.039
739.0,-0.039
740.0,-0.039
741.0,-0.039
742.0,-0.039
743.0,-0.039
744.0,-0.039
745.0,-0.039
746.0,-0.038
747.0,-0.038
748.0,-0.038
749.0,-0.038
750.0,-0.038
751.0,-0.038
752.0,-0.038
753.0,-0.038
754.0,-0.037
755.0,-0.037
756.0,-0.037
757.0,-0.037
758.0,-0.037
759.0,-0.037
760.0,-0.037
761.0,-0.037
762.0,-0.036
763.0,-0.036
764.0,-0.036
765.0,-0.036
766.0,-0.036
767.0,-0.036
768.0,-0.036
769.0,-0.036
770.0,-0.036
771.0,-0.035
772.0,-0.035
773.0,-0.035
774.0,-0.035
775.0,-0.035
776.0,-0.035
777.0,-0.035
778.0,-0.035
779.0,-0.034
780.0,-0.034
781.0,-0.034
782.0,-0.034
783.0,-0.034
784.0,-0.034
785.0,-0.034
786.0,-0.034
787.0,-0.033
788.0,-0.033
789.0,-0.033
790.0,-0.033
791.0,-0.033
792.0,-0.033
793.0,-0.033
794.0,-0.033
795.0,-0.033
796.0,-0.032
797.0,-0.032
798.0,-0.032
799.0,-0.032
800.0,-0.032
801.0,-0.032
802.0,-0.032
803.0,-0.032
804.0,-0.031
805.0,-0.031
806.0,-0.031
807.0,-0.031
808.0,-0.031
809.0,-0.031
810.0,-0.031
811.0,-0.031
812.0,-0.031
813.0,-0.03
814.0,-0.03
815.0,-0.03
816.0,-0.03
817.0,-0.03
818.0,-0.03
819.0,-0.03
820.0,-0.03
821.0,-0.029
822.0,-0.029
823.0,-0.029
824.0,-0.029
825.0,-0.029
826.0,-0.029
827.0,-0.029
828.0,-0.029
829.0,-0.028
830.0,-0.028
831.0,-0.028
832.0,-0.028
833.0,-0.028
834.0,-0.028
835.0,-0.028
836.0,-0.028
837.0,-0.028
838.0,-0.027
839.0,-0.027
840.0,-0.027
841.0,-0.027
842.0,-0.027
843.0,-0.027
844.0,-0.027
845.0,-0.027
846.0,-0.026
847.0,-0.026
848.0,-0.026
849.0,-0.026
850.0,-0.026
851.0,-0.026
852.0,-0.026
853.0,-0.026
854.0,-0.025
855.0,-0.025
856.0,-0.025
857.0,-0.025
858.0,-0.025
859.0,-0.025
860.0,-0.025
861.0,-0.025
862.0,-0.025
863.0,-0.024
864.0,-0.024
865.0,-0.024
866.0,-0.024
867.0,-0.024
868.0,-0.024
869.0,-0.024
870.0,-0.024
871.0,-0.023
872.0,-0.023
873.0,-0.023
874.0,-0.023
875.0,-0.023
876.0,-0.023
877.0,-0.023
878.0,-0.023
879.0,-0.023
880.0,-0.022
881.0,-0.022
882.0,-0.022
883.0,-0.022
884.0,-0.022
885.0,-0.022
886.0,-0.022
887.0,-0.022
888.0,-0.021
889.0,-0.021
890.0,-0.021
891.0,-0.021
892.0,-0.021
893.0,-0.021
894.0,-0.021
895.0,-0.021
896.0,-0.02
897.0,-0.02
898.0,-0.02
899.0,-0.02
900.0,-0.02
901.0,-0.02
902.0,-0.02
903.0,-0.02
904.0,-0.02
905.0,-0.019
906.0,-0.019
907.0,-0.019
908.0,-0.019
909.0,-0.019
910.0,-0.019
911.0,-0.019
912.0,-0.019
913.0,-0.018
914.0,-0.018
915.0,-0.018
916.0,-0.018
917.0,-0.018
918.0,-0.018
919.0,-0.018
920.0,-0.018
921.0,-0.017
922.0,-0.017
923.0,-0.017
924.0,-0.017
925.0,-0.017
926.0,-0.017
927.0,-0.017
928.0,-0.017
929.0,-0.017
930.0,-0.016
931.0,-0.016
932.0,-0.016
933.0,-0.016
934.0,-0.016
935.0,-0.016
936.0,-0.016
937.0,-0.016
938.0,-0.015
939.0,-0.015
940.0,-0.015
941.0,-0.015
942.0,-0.015
943.0,-0.015
944.0,-0.015
945.0,-0.015
946.0,-0.015
947.0,-0.014
948.0,-0.014
949.0,-0.014
950.0,-0.014
951.0,-0.014
952.0,-0.014
953.0,-0.014
954.0,-0.014
955.0,-0.013
956.0,-0.013
957.0,-0.013
958.0,-0.013
959.0,-0.013
960.0,-0.013
961.0,-0.013
962.0,-0.013
963.0,-0.012
964.0,-0.012
965.0,-0.012
966.0,-0.012
967.0,-0.012
968.0,-0.012
969.0,-0.012
970.0,-0.012
971.0,-0.012
972.0,-0.011
973.0,-0.011
974.0,-0.011
975.0,-0.011
976.0,-0.011
977.0,-0.011
978.0,-0.011
979.0,-0.011
980.0,-0.01
981.0,-0.01
982.0,-0.01
983.0,-0.01
984.0,-0.01
985.0,-0.01
986.0,-0.01
987.0,-0.01
988.0,-0.009
989.0,-0.009
990.0,-0.009
991.0,-0.009
992.0,-0.009
993.0,-0.009
994.0,-0.009
995.0,-0.009
996.0,-0.009
997.0,-0.008
998.0,-0.008
999.0,-0.008
1000.0,-0.008
1001.0,-0.008
1002.0,-0.008
1003.0,-0.008
1004.0,-0.008
1005.0,-0.007
1006.0,-0.007
1007.0,-0.007
1008.0,-0.007
1009.0,-0.007
1010.0,-0.007
1011.0,-0.007
1012.0,-0.007
1013.0,-0.007
1014.0,-0.006
1015.0,-0.006
1016.0,-0.006
1017.0,-0.006
1018.0,-0.006
1019.0,-0.006
1020.0,-0.006
1021.0,-0.006
1022.0,-0.005
1023.0,-0.005
1024.0,-0.005
1025.0,-0.005
1026.0,-0.005
1027.0,-0.005
1028.0,-0.005
1029.0,-0.005
1030.0,-0.004
1031.0,-0.004
1032.0,-0.004
1033.0,-0.004
1034.0,-0.004
1035.0,-0.004
1036.0,-0.004
1037.0,-0.004
1038.0,-0.004
1039.0,-0.003
1040.0,-0.003
1041.0,-0.003
1042.0,-0.003
1043.0,-0.003
1044.0,-0.003
1045.0,-0.003
1046.0,-0.003
1047.0,-0.002
1048.0,-0.002
1049.0,-0.002
1050.0,-0.002
1051.0,-0.002
1052.0,-0.002
1053.0,-0.002
1054.0,-0.002
1055.0,-0.002
1056.0,-0.001
1057.0,-0.001
1058.0,-0.001
1059.0,-0.001
1060.0,-0.001
1061.0,-0.001
1062.0,-0.001
1063.0,-0.001
1064.0,-0.0
1065.0,-0.0
1066.0,-0.0
1067.0,-0.0
1068.0,0.0
1069.0,0.0
1070.0,0.0
1071.0,0.0
1072.0,0.001
1073.0,0.001
1074.0,0.001
1075.0,0.001
1076.0,0.001
1077.0,0.001
1078.0,0.001
1079.0,0.001
1080.0,0.001
1081.0,0.002
1082.0,0.002
1083.0,0.002
1084.0,0.002
1085.0,0.002
1086.0,0.002
1087.0,0.002
1088.0,0.002
1089.0,0.003
1090.0,0.003
1091.0,0.003
1092.0,0.003
1093.0,0.003
1094.0,0.003
1095.0,0.003
1096.0,0.003
1097.0,0.004
1098.0,0.004
1099.0,0.004
1100.0,0.004
1101.0,0.004
1102.0,0.004
1103.0,0.004
1104.0,0.004
1105.0,0.004
1106.0,0.005
1107.0,0.005
1108.0,0.005
1109.0,0.005
1110.0,0.005
1111.0,0.005
1112.0,0.005
1113.0,0.005
1114.0,0.006
1115.0,0.006
1116.0,0.006
1117.0,0.006
1118.0,0.006
1119.0,0.006
1120.0,0.006
1121.0,0.006
1122.0,0.006
1123.0,0.007
1124.0,0.007
1125.0,0.007
1126.0,0.007
1127.0,0.007
1128.0,0.007
1129.0,0.007
1130.0,0.007
1131.0,0.008
1132.0,0.008
1133.0,0.008
1134.0,0.008
1135.0,0.008
1136.0,0.008
1137.0,0.008
1138.0,0.008
1139.0,0.009
1140.0,0.009
1141.0,0.009
1142.0,0.009
1143.0,0.009
1144.0,0.009
1145.0,0.009
1146.0,0.009
1147.0,0.009
1148.0,0.01
1149.0,0.01
1150.0,0.01
1151.0,0.01
1152.0,0.01
1153.0,0.01
1154.0,0.01
1155.0,0.01
1156.0,0.011
1157.0,0.011
1158.0,0.011
1159.0,0.011
1160.0,0.011
1161.0,0.011
1162.0,0.011
1163.0,0.011
1164.0,0.012
1165.0,0.012
1166.0,0.012
1167.0,0.012
1168.0,0.012
1169.0,0.012
1170.0,0.012
1171.0,0.012
1172.0,0.012
1173.0,0.013
1174.0,0.013
1175.0,0.013
1176.0,0.013
1177.0,0.013
1178.0,0.013
1179.0,0.013
1180.0,0.013
1181.0,0.014
1182.0,0.014
1183.0,0.014
1184.0,0.014
1185.0,0.014
1186.0,0.014
1187.0,0.014
1188.0,0.014
1189.0,0.014
1190.0,0.015
1191.0,0.015
1192.0,0.015
1193.0,0.015
1194.0,0.015
1195.0,0.015
1196.0,0.015
1197.0,0.015
1198.0,0.016
1199.0,0.016
1200.0,0.016
1201.0,0.016
1202.0,0.016
1203.0,0.016
1204.0,0.016
1205.0,0.016
1206.0,0.017
1207.0,0.017
1208.0,0.017
1209.0,0.017
1210.0,0.017
1211.0,0.017
1212.0,0.017
1213.0,0.017
1214.0,0.017
1215.0,0.018
1216.0,0.018
1217.0,0.018
1218.0,0.018
1219.0,0.018
1220.0,0.018
1221.0,0.018
1222.0,0.018
1223.0,0.019
1224.0,0.019
1225.0,0.019
1226.0,0.019
1227.0,0.019
1228.0,0.019
1229.0,0.019
1230.0,0.019
1231.0,0.02
1232.0,0.02
1233.0,0.02
1234.0,0.02
1235.0,0.02
1236.0,0.02
1237.0,0.02
1238.0,0.02
1239.0,0.02
1240.0,0.021
1241.0,0.021
1242.0,0.021
1243.0,0.021
1244.0,0.021
1245.0,0.021
1246.0,0.021
1247.0,0.021
1248.0,0.022
1249.0,0.022
1250.0,0.022
1251.0,0.022
1252.0,0.022
1253.0,0.022
1254.0,0.022
1255.0,0.022
1256.0,0.022
1257.0,0.023
1258.0,0.023
1259.0,0.023
1260.0,0.023
1261.0,0.023
1262.0,0.023
1263.0,0.023
1264.0,0.023
1265.0,0.024
1266.0,0.024
1267.0,0.024
1268.0,0.024
1269.0,0.024
1270.0,0.024
1271.0,0.024
1272.0,0.024
1273.0,0.025
1274.0,0.025
1275.0,0.025
1276.0,0.025
1277.0,0.025
1278.0,0.025
1279.0,0.025
1280.0,0.025
1281.0,0.025
1282.0,0.026
1283.0,0.026
1284.0,0.026
1285.0,0.026
1286.0,0.026
1287.0,0.026
1288.0,0.026
1289.0,0.026
1290.0,0.027
1291.0,0.027
1292.0,0.027
1293.0,0.027
1294.0,0.027
1295.0,0.027
1296.0,0.027
1297.0,0.027
1298.0,0.028
1299.0,0.028
1300.0,0.028
1301.0,0.028
1302.0,0.028
1303.0,0.028
1304.0,0.028
1305.0,0.028
1306.0,0.028
1307.0,0.029
1308.0,0.029
1309.0,0.029
1310.0,0.029
1311.0,0.029
1312.0,0.029
1313.0,0.029
1314.0,0.029
1315.0,0.03
1316.0,0.03
1317.0,0.03
1318.0,0.03
1319.0,0.03
1320.0,0.03
1321.0,0.03
1322.0,0.03
1323.0,0.03
1324.0,0.031
1325.0,0.031
1326.0,0.031
1327.0,0.031
1328.0,0.031
1329.0,0.031
1330.0,0.031
1331.0,0.031
1332.0,0.032
1333.0,0.032
1334.0,0.032
1335.0,0.032
1336.0,0.032
1337.0,0.032
1338.0,0.032
1339.0,0.032
1340.0,0.033
1341.0,0.033
1342.0,0.033
1343.0,0.033
1344.0,0.033
1345.0,0.033
1346.0,0.033
1347.0,0.033
1348.0,0.033
1349.0,0.034
1350.0,0.034
1351.0,0.034
1352.0,0.034
1353.0,0.034
1354.0,0.034
1355.0,0.034
1356.0,0.034
1357.0,0.035
1358.0,0.035
1359.0,0.035
1360.0,0.035
1361.0,0.035
1362.0,0.035
1363.0,0.035
1364.0,0.035
1365.0,0.036
1366.0,0.036
1367.0,0.036
1368.0,0.036
1369.0,0.036
1370.0,0.036
1371.0,0.036
1372.0,0.036
1373.0,0.036
1374.0,0.037
1375.0,0.037
1376.0,0.037
1377.0,0.037
1378.0,0.037
1379.0,0.037
1380.0,0.037
1381.0,0.037
1382.0,0.038
1383.0,0.038
1384.0,0.038
1385.0,0.038
1386.0,0.038
1387.0,0.038
1388.0,0.038
1389.0,0.038
1390.0,0.038
1391.0,0.039
1392.0,0.039
1393.0,0.039
1394.0,0.039
1395.0,0.039
1396.0,0.039
1397.0,0.039
1398.0,0.039
1399.0,0.04
1400.0,0.04
1401.0,0.04
1402.0,0.04
1403.0,0.04
1404.0,0.04
1405.0,0.04
1406.0,0.04
1407.0,0.041
1408.0,0.041
1409.0,0.041
1410.0,0.041
1411.0,0.041
1412.0,0.041
1413.0,0.041
1414.0,0.041
1415.0,0.041
1416.0,0.042
1417.0,0.042
1418.0,0.042
1419.0,0.042
1420.0,0.042
1421.0,0.042
1422.0,0.042
1423.0,0.042
1424.0,0.043
1425.0,0.043
1426.0,0.043
1427.0,0.043
1428.0,0.043
1429.0,0.043
1430.0,0.043
1431.0,0.043
1432.0,0.044
1433.0,0.044
1434.0,0.044
1435.0,0.044
1436.0,0.044
1437.0,0.044
1438.0,0.044
1439.0,0.044
1440.0,0.044
1441.0,0.045
1442.0,0.045
1443.0,0.045
1444.0,0.045
1445.0,0.045
1446.0,0.045
1447.0,0.045
1448.0,0.045
1449.0,0.046
1450.0,0.046
1451.0,0.046
1452.0,0.046
