1.0,-0.154
2.0,-0.154
3.0,-0.154
4.0,-0.154
5.0,-0.153
6.0,-0.153
7.0,-0.153
8.0,-0.153
9.0,-0.153
10.0,-0.153
11.0,-0.152
12.0,-0.152
13.0,-0.152
14.0,-0.152
15.0,-0.152
16.0,-0.152
17.0,-0.152
18.0,-0.151
19.0,-0.151
20.0,-0.151
21.0,-0.151
22.0,-0.151
23.0,-0.151
24.0,-0.151
25.0,-0.15
26.0,-0.15
27.0,-0.15
28.0,-0.15
29.0,-0.15
30.0,-0.15
31.0,-0.15
32.0,-0.149
33.0,-0.149
34.0,-0.149
35.0,-0.149
36.0,-0.149
37.0,-0.149
38.0,-0.149
39.0,-0.148
40.0,-0.148
41.0,-0.148
42.0,-0.148
43.0,-0.148
44.0,-0.148
45.0,-0.148
46.0,-0.147
47.0,-0.147
48.0,-0.147
49.0,-0.147
50.0,-0.147
51.0,-0.147
52.0,-0.146
53.0,-0.146
54.0,-0.146
55.0,-0.146
56.0,-0.146
57.0,-0.146
58.0,-0.146
59.0,-0.145
60.0,-0.145
61.0,-0.145
62.0,-0.145
63.0,-0.145
64.0,-0.145
65.0,-0.145
66.0,-0.144
67.0,-0.144
68.0,-0.144
69.0,-0.144
70.0,-0.144
71.0,-0.144
72.0,-0.144
73.0,-0.143
74.0,-0.143
75.0,-0.143
76.0,-0.143
77.0,-0.143
78.0,-0.143
79.0,-0.143
80.0,-0.142
81.0,-0.142
82.0,-0.142
83.0,-0.142
84.0,-0.142
85.0,-0.142
86.0,-0.142
87.0,-0.141
88.0,-0.141
89.0,-0.141
90.0,-0.141
91.0,-0.141
92.0,-0.141
93.0,-0.141
94.0,-0.14
95.0,-0.14
96.0,-0.14
97.0,-0.14
98.0,-0.14
99.0,-0.14
100.0,-0.139
101.0,-0.139
102.0,-0.139
103.0,-0.139
104.0,-0.139
105.0,-0.139
106.0,-0.139
107.0,-0.138
108.0,-0.138
109.0,-0.138
110.0,-0.138
111.0,-0.138
112.0,-0.138
113.0,-0.138
114.0,-0.137
115.0,-0.137
116.0,-0.137
117.0,-0.137
118.0,-0.137
119.0,-0.137
120.0,-0.137
121.0,-0.136
122.0,-0.136
123.0,-0.136
124.0,-0.136
125.0,-0.136
126.0,-0.136
127.0,-0.136
128.0,-0.135
129.0,-0.135
130.0,-0.135
131.0,-0.135
132.0,-0.135
133.0,-0.135
134.0,-0.135
135.0,-0.134
136.0,-0.134
137.0,-0.134
138.0,-0.134
139.0,-0.134
140.0,-0.134
141.0,-0.134
142.0,-0.133
143.0,-0.133
144.0,-0.133
145.0,-0.133
146.0,-0.133
147.0,-0.133
148.0,-0.132
149.0,-0.132
150.0,-0.132
151.0,-0.132
152.0,-0.132
153.0,-0.132
154.0,-0.132
155.0,-0.131
156.0,-0.131
157.0,-0.131
158.0,-0.131
159.0,-0.131
160.0,-0.131
161.0,-0.131
162.0,-0.13
163.0,-0.13
164.0,-0.13
165.0,-0.13
166.0,-0.13
167.0,-0.13
168.0,-0.13
169.0,-0.129
170.0,-0.129
171.0,-0.129
172.0,-0.129
173.0,-0.129
174.0,-0.129
175.0,-0.129
176.0,-0.128
177.0,-0.128
178.0,-0.128
179.0,-0.128
180.0,-0.128
181.0,-0.128
182.0,-0.128
183.0,-0.127
184.0,-0.127
185.0,-0.127
186.0,-0.127
187.0,-0.127
188.0,-0.127
189.0,-0.127
190.0,-0.126
191.0,-0.126
192.0,-0.126
193.0,-0.126
194.0,-0.126
195.0,-0.126
196.0,-0.126
197.0,-0.125
198.0,-0.125
199.0,-0.125
200.0,-0.125
201.0,-0.125
202.0,-0.125
203.0,-0.124
204.0,-0.124
205.0,-0.124
206.0,-0.124
207.0,-0.124
208.0,-0.124
209.0,-0.124
210.0,-0.123
211.0,-0.123
212.0,-0.123
213.0,-0.123
214.0,-0.123
215.0,-0.123
216.0,-0.123
217.0,-0.122
218.0,-0.122
219.0,-0.122
220.0,-0.122
221.0,-0.122
222.0,-0.122
223.0,-0.122
224.0,-0.121
225.0,-0.121
226.0,-0.121
227.0,-0.121
228.0,-0.121
229.0,-0.121
230.0,-0.121
231.0,-0.12
232.0,-0.12
233.0,-0.12
234.0,-0.12
235.0,-0.12
236.0,-0.12
237.0,-0.12
238.0,-0.119
239.0,-0.119
240.0,-0.119
241.0,-0.119
242.0,-0.119
243.0,-0.119
244.0,-0.119
245.0,-0.118
246.0,-0.118
247.0,-0.118
248.0,-0.118
249.0,-0.118
250.0,-0.118
251.0,-0.118
252.0,-0.117
253.0,-0.117
254.0,-0.117
255.0,-0.117
256.0,-0.117
257.0,-0.117
258.0,-0.117
259.0,-0.116
260.0,-0.116
261.0,-0.116
262.0,-0.116
263.0,-0.116
264.0,-0.116
265.0,-0.115
266.0,-0.115
267.0,-0.115
268.0,-0.115
269.0,-0.115
270.0,-0.115
271.0,-0.115
272.0,-0.114
273.0,-0.114
274.0,-0.114
275.0,-0.114
276.0,-0.114
277.0,-0.114
278.0,-0.114
279.0,-0.113
280.0,-0.113
281.0,-0.113
282.0,-0.113
283.0,-0.113
284.0,-0.113
285.0,-0.113
286.0,-0.112
287.0,-0.112
288.0,-0.112
289.0,-0.112
290.0,-0.112
291.0,-0.112
292.0,-0.112
293.0,-0.111
294.0,-0.111
295.0,-0.111
296.0,-0.111
297.0,-0.111
298.0,-0.111
299.0,-0.111
300.0,-0.11
301.0,-0.11
302.0,-0.11
303.0,-0.11
304.0,-0.11
305.0,-0.11
306.0,-0.11
307.0,-0.109
308.0,-0.109
309.0,-0.109
310.0,-0.109
311.0,-0.109
312.0,-0.109
313.0,-0.109
314.0,-0.108
315.0,-0.108
316.0,-0.108
317.0,-0.108
318.0,-0.108
319.0,-0.108
320.0,-0.108
321.0,-0.107
322.0,-0.107
323.0,-0.107
324.0,-0.107
325.0,-0.107
326.0,-0.107
327.0,-0.107
328.0,-0.106
329.0,-0.106
330.0,-0.106
331.0,-0.106
332.0,-0.106
333.0,-0.106
334.0,-0.106
335.0,-0.105
336.0,-0.105
337.0,-0.105
338.0,-0.105
339.0,-0.105
340.0,-0.105
341.0,-0.104
342.0,-0.104
343.0,-0.104
344.0,-0.104
345.0,-0.104
346.0,-0.104
347.0,-0.104
348.0,-0.103
349.0,-0.103
350.0,-0.103
351.0,-0.103
352.0,-0.103
353.0,-0.103
354.0,-0.103
355.0,-0.102
356.0,-0.102
357.0,-0.102
358.0,-0.102
359.0,-0.102
360.0,-0.102
361.0,-0.102
362.0,-0.101
363.0,-0.101
364.0,-0.101
365.0,-0.101
366.0,-0.101
367.0,-0.101
368.0,-0.101
369.0,-0.1
370.0,-0.1
371.0,-0.1
372.0,-0.1
373.0,-0.1
374.0,-0.1
375.0,-0.1
376.0,-0.099
377.0,-0.099
378.0,-0.099
379.0,-0.099
380.0,-0.099
381.0,-0.099
382.0,-0.099
383.0,-0.098
384.0,-0.098
385.0,-0.098
386.0,-0.098
387.0,-0.098
388.0,-0.098
389.0,-0.098
390.0,-0.097
391.0,-0.097
392.0,-0.097
393.0,-0.097
394.0,-0.097
395.0,-0.097
396.0,-0.097
397.0,-0.096
398.0,-0.096
399.0,-0.096
400.0,-0.096
401.0,-0.096
402.0,-0.096
403.0,-0.096
404.0,-0.095
405.0,-0.095
406.0,-0.095
407.0,-0.095
408.0,-0.095
409.0,-0.095
410.0,-0.095
411.0,-0.094
412.0,-0.094
413.0,-0.094
414.0,-0.094
415.0,-0.094
416.0,-0.094
417.0,-0.094
418.0,-0.093
419.0,-0.093
420.0,-0.093
421.0,-0.093
422.0,-0.093
423.0,-0.093
424.0,-0.093
425.0,-0.092
426.0,-0.092
427.0,-0.092
428.0,-0.092
429.0,-0.092
430.0,-0.092
431.0,-0.092
432.0,-0.091
433.0,-0.091
434.0,-0.091
435.0,-0.091
436.0,-0.091
437.0,-0.091
438.0,-0.091
439.0,-0.09
440.0,-0.09
441.0,-0.09
442.0,-0.09
443.0,-0.09
444.0,-0.09
445.0,-0.09
446.0,-0.089
447.0,-0.089
448.0,-0.089
449.0,-0.089
450.0,-0.089
451.0,-0.089
452.0,-0.089
453.0,-0.088
454.0,-0.088
455.0,-0.088
456.0,-0.088
457.0,-0.088
458.0,-0.088
459.0,-0.088
460.0,-0.087
461.0,-0.087
462.0,-0.087
463.0,-0.087
464.0,-0.087
465.0,-0.087
466.0,-0.087
467.0,-0.086
468.0,-0.086
469.0,-0.086
470.0,-0.086
471.0,-0.086
472.0,-0.086
473.0,-0.086
474.0,-0.085
475.0,-0.085
476.0,-0.085
477.0,-0.085
478.0,-0.085
479.0,-0.085
480.0,-0.085
481.0,-0.084
482.0,-0.084
483.0,-0.084
484.0,-0.084
485.0,-0.084
486.0,-0.084
487.0,-0.084
488.0,-0.083
489.0,-0.083
490.0,-0.083
491.0,-0.083
492.0,-0.083
493.0,-0.083
494.0,-0.083
495.0,-0.082
496.0,-0.082
497.0,-0.082
498.0,-0.082
499.0,-0.082
500.0,-0.082
501.0,-0.082
502.0,-0.081
503.0,-0.081
504.0,-0.081
505.0,-0.081
506.0,-0.081
507.0,-0.081
508.0,-0.081
509.0,-0.08
510.0,-0.08
511.0,-0.08
512.0,-0.08
513.0,-0.08
514.0,-0.08
515.0,-0.08
516.0,-0.079
517.0,-0.079
518.0,-0.079
519.0,-0.079
520.0,-0.079
521.0,-0.079
522.0,-0.079
523.0,-0.078
524.0,-0.078
525.0,-0.078
526.0,-0.078
527.0,-0.078
528.0,-0.078
529.0,-0.078
530.0,-0.077
531.0,-0.077
532.0,-0.077
533.0,-0.077
534.0,-0.077
535.0,-0.077
536.0,-0.077
537.0,-0.076
538.0,-0.076
539.0,-0.076
540.0,-0.076
541.0,-0.076
542.0,-0.076
543.0,-0.076
544.0,-0.076
545.0,-0.075
546.0,-0.075
547.0,-0.075
548.0,-0.075
549.0,-0.075
550.0,-0.075
551.0,-0.075
552.0,-0.074
553.0,-0.074
554.0,-0.074
555.0,-0.074
556.0,-0.074
557.0,-0.074
558.0,-0.074
559.0,-0.073
560.0,-0.073
561.0,-0.073
562.0,-0.073
563.0,-0.073
564.0,-0.073
565.0,-0.073
566.0,-0.072
567.0,-0.072
568.0,-0.072
569.0,-0.072
570.0,-0.072
571.0,-0.072
572.0,-0.072
573.0,-0.071
574.0,-0.071
575.0,-0.071
576.0,-0.071
577.0,-0.071
578.0,-0.071
579.0,-0.071
580.0,-0.07
581.0,-0.07
582.0,-0.07
583.0,-0.07
584.0,-0.07
585.0,-0.07
586.0,-0.07
587.0,-0.069
588.0,-0.069
589.0,-0.069
590.0,-0.069
591.0,-0.069
592.0,-0.069
593.0,-0.069
594.0,-0.069
595.0,-0.068
596.0,-0.068
597.0,-0.068
598.0,-0.068
599.0,-0.068
600.0,-0.068
601.0,-0.068
602.0,-0.067
603.0,-0.067
604.0,-0.067
605.0,-0.067
606.0,-0.067
607.0,-0.067
608.0,-0.067
609.0,-0.066
610.0,-0.066
611.0,-0.066
612.0,-0.066
613.0,-0.066
614.0,-0.066
615.0,-0.066
616.0,-0.065
617.0,-0.065
618.0,-0.065
619.0,-0.065
620.0,-0.065
621.0,-0.065
622.0,-0.065
623.0,-0.064
624.0,-0.064
625.0,-0.064
626.0,-0.064
627.0,-0.064
628.0,-0.064
629.0,-0.064
630.0,-0.064
631.0,-0.063
632.0,-0.063
633.0,-0.063
634.0,-0.063
635.0,-0.063
636.0,-0.063
637.0,-0.063
638.0,-0.062
639.0,-0.062
640.0,-0.062
641.0,-0.062
642.0,-0.062
643.0,-0.062
644.0,-0.062
645.0,-0.061
646.0,-0.061
647.0,-0.061
648.0,-0.061
649.0,-0.061
650.0,-0.061
651.0,-0.061
652.0,-0.06
653.0,-0.06
654.0,-0.06
655.0,-0.06
656.0,-0.06
657.0,-0.06
658.0,-0.06
659.0,-0.06
660.0,-0.059
661.0,-0.059
662.0,-0.059
663.0,-0.059
664.0,-0.059
665.0,-0.059
666.0,-0.059
667.0,-0.058
668.0,-0.058
669.0,-0.058
670.0,-0.058
671.0,-0.058
672.0,-0.058
673.0,-0.058
674.0,-0.057
675.0,-0.057
676.0,-0.057
677.0,-0.057
678.0,-0.057
679.0,-0.057
680.0,-0.057
681.0,-0.057
682.0,-0.056
683.0,-0.056
684.0,-0.056
685.0,-0.056
686.0,-0.056
687.0,-0.056
688.0,-0.056
689.0,-0.055
690.0,-0.055
691.0,-0.055
692.0,-0.055
693.0,-0.055
694.0,-0.055
695.0,-0.055
696.0,-0.054
697.0,-0.054
698.0,-0.054
699.0,-0.054
700.0,-0.054
701.0,-0.054
702.0,-0.054
703.0,-0.054
704.0,-0.053
705.0,-0.053
706.0,-0.053
707.0,-0.053
708.0,-0.053
709.0,-0.053
710.0,-0.053
711.0,-0.052
712.0,-0.052
713.0,-0.052
714.0,-0.052
715.0,-0.052
716.0,-0.052
717.0,-0.052
718.0,-0.052
719.0,-0.051
720.0,-0.051
721.0,-0.051
722.0,-0.051
723.0,-0.051
724.0,-0.051
725.0,-0.051
726.0,-0.05
727.0,-0.05
728.0,-0.05
729.0,-0.05
730.0,-0.05
731.0,-0.05
732.0,-0.05
733.0,-0.05
734.0,-0.049
735.0,-0.049
736.0,-0.049
737.0,-0.049
738.0,-0.049
739.0,-0.049
740.0,-0.049
741.0,-0.048
742.0,-0.048
743.0,-0.048
744.0,-0.048
745.0,-0.048
746.0,-0.048
747.0,-0.048
748.0,-0.048
749.0,-0.047
750.0,-0.047
751.0,-0.047
752.0,-0.047
753.0,-0.047
754.0,-0.047
755.0,-0.047
756.0,-0.047
757.0,-0.046
758.0,-0.046
759.0,-0.046
760.0,-0.046
761.0,-0.046
762.0,-0.046
763.0,-0.046
764.0,-0.045
765.0,-0.045
766.0,-0.045
767.0,-0.045
768.0,-0.045
769.0,-0.045
770.0,-0.045
771.0,-0.045
772.0,-0.044
773.0,-0.044
774.0,-0.044
775.0,-0.044
776.0,-0.044
777.0,-0.044
778.0,-0.044
779.0,-0.044
780.0,-0.043
781.0,-0.043
782.0,-0.043
783.0,-0.043
784.0,-0.043
785.0,-0.043
786.0,-0.043
787.0,-0.042
788.0,-0.042
789.0,-0.042
790.0,-0.042
791.0,-0.042
792.0,-0.042
793.0,-0.042
794.0,-0.042
795.0,-0.041
796.0,-0.041
797.0,-0.041
798.0,-0.041
799.0,-0.041
800.0,-0.041
801.0,-0.041
802.0,-0.041
803.0,-0.04
804.0,-0.04
805.0,-0.04
806.0,-0.04
807.0,-0.04
808.0,-0.04
809.0,-0.04
810.0,-0.04
811.0,-0.039
812.0,-0.039
813.0,-0.039
814.0,-0.039
815.0,-0.039
816.0,-0.039
817.0,-0.039
818.0,-0.039
819.0,-0.038
820.0,-0.038
821.0,-0.038
822.0,-0.038
823.0,-0.038
824.0,-0.038
825.0,-0.038
826.0,-0.038
827.0,-0.037
828.0,-0.037
829.0,-0.037
830.0,-0.037
831.0,-0.037
832.0,-0.037
833.0,-0.037
834.0,-0.037
835.0,-0.036
836.0,-0.036
837.0,-0.036
838.0,-0.036
839.0,-0.036
840.0,-0.036
841.0,-0.036
842.0,-0.036
843.0,-0.035
844.0,-0.035
845.0,-0.035
846.0,-0.035
847.0,-0.035
848.0,-0.035
849.0,-0.035
850.0,-0.035
851.0,-0.034
852.0,-0.034
853.0,-0.034
854.0,-0.034
855.0,-0.034
856.0,-0.034
857.0,-0.034
858.0,-0.034
859.0,-0.033
860.0,-0.033
861.0,-0.033
862.0,-0.033
863.0,-0.033
864.0,-0.033
865.0,-0.033
866.0,-0.033
867.0,-0.032
868.0,-0.032
869.0,-0.032
870.0,-0.032
871.0,-0.032
872.0,-0.032
873.0,-0.032
874.0,-0.032
875.0,-0.031
876.0,-0.031
877.0,-0.031
878.0,-0.031
879.0,-0.031
880.0,-0.031
881.0,-0.031
882.0,-0.031
883.0,-0.031
884.0,-0.03
885.0,-0.03
886.0,-0.03
887.0,-0.03
888.0,-0.03
889.0,-0.03
890.0,-0.03
891.0,-0.03
892.0,-0.029
893.0,-0.029
894.0,-0.029
895.0,-0.029
896.0,-0.029
897.0,-0.029
898.0,-0.029
899.0,-0.029
900.0,-0.028
901.0,-0.028
902.0,-0.028
903.0,-0.028
904.0,-0.028
905.0,-0.028
906.0,-0.028
907.0,-0.028
908.0,-0.028
909.0,-0.027
910.0,-0.027
911.0,-0.027
912.0,-0.027
913.0,-0.027
914.0,-0.027
915.0,-0.027
916.0,-0.027
917.0,-0.026
918.0,-0.026
919.0,-0.026
920.0,-0.026
921.0,-0.026
922.0,-0.026
923.0,-0.026
924.0,-0.026
925.0,-0.026
926.0,-0.025
927.0,-0.025
928.0,-0.025
929.0,-0.025
930.0,-0.025
931.0,-0.025
932.0,-0.025
933.0,-0.025
934.0,-0.024
935.0,-0.024
936.0,-0.024
937.0,-0.024
938.0,-0.024
939.0,-0.024
940.0,-0.024
941.0,-0.024
942.0,-0.024
943.0,-0.023
944.0,-0.023
945.0,-0.023
946.0,-0.023
947.0,-0.023
948.0,-0.023
949.0,-0.023
950.0,-0.023
951.0,-0.023
952.0,-0.022
953.0,-0.022
954.0,-0.022
955.0,-0.022
956.0,-0.022
957.0,-0.022
958.0,-0.022
959.0,-0.022
960.0,-0.022
961.0,-0.021
962.0,-0.021
963.0,-0.021
964.0,-0.021
965.0,-0.021
966.0,-0.021
967.0,-0.021
968.0,-0.021
969.0,-0.021
970.0,-0.02
971.0,-0.02
972.0,-0.02
973.0,-0.02
974.0,-0.02
975.0,-0.02
976.0,-0.02
977.0,-0.02
978.0,-0.019
979.0,-0.019
980.0,-0.019
981.0,-0.019
982.0,-0.019
983.0,-0.019
984.0,-0.019
985.0,-0.019
986.0,-0.019
987.0,-0.018
988.0,-0.018
989.0,-0.018
990.0,-0.018
991.0,-0.018
992.0,-0.018
993.0,-0.018
994.0,-0.018
995.0,-0.018
996.0,-0.018
997.0,-0.017
998.0,-0.017
999.0,-0.017
1000.0,-0.017
1001.0,-0.017
1002.0,-0.017
1003.0,-0.017
1004.0,-0.017
1005.0,-0.017
1006.0,-0.016
1007.0,-0.016
1008.0,-0.016
1009.0,-0.016
1010.0,-0.016
1011.0,-0.016
1012.0,-0.016
1013.0,-0.016
1014.0,-0.016
1015.0,-0.015
1016.0,-0.015
1017.0,-0.015
1018.0,-0.015
1019.0,-0.015
1020.0,-0.015
1021.0,-0.015
1022.0,-0.015
1023.0,-0.015
1024.0,-0.014
1025.0,-0.014
1026.0,-0.014
1027.0,-0.014
1028.0,-0.014
1029.0,-0.014
1030.0,-0.014
1031.0,-0.014
1032.0,-0.014
1033.0,-0.013
1034.0,-0.013
1035.0,-0.013
1036.0,-0.013
1037.0,-0.013
1038.0,-0.013
1039.0,-0.013
1040.0,-0.013
1041.0,-0.013
1042.0,-0.013
1043.0,-0.012
1044.0,-0.012
1045.0,-0.012
1046.0,-0.012
1047.0,-0.012
1048.0,-0.012
1049.0,-0.012
1050.0,-0.012
1051.0,-0.012
1052.0,-0.011
1053.0,-0.011
1054.0,-0.011
1055.0,-0.011
1056.0,-0.011
1057.0,-0.011
1058.0,-0.011
1059.0,-0.011
1060.0,-0.011
1061.0,-0.011
1062.0,-0.01
1063.0,-0.01
1064.0,-0.01
1065.0,-0.01
1066.0,-0.01
1067.0,-0.01
1068.0,-0.01
1069.0,-0.01
1070.0,-0.01
1071.0,-0.009
1072.0,-0.009
1073.0,-0.009
1074.0,-0.009
1075.0,-0.009
1076.0,-0.009
1077.0,-0.009
1078.0,-0.009
1079.0,-0.009
1080.0,-0.009
1081.0,-0.008
1082.0,-0.008
1083.0,-0.008
1084.0,-0.008
1085.0,-0.008
1086.0,-0.008
1087.0,-0.008
1088.0,-0.008
1089.0,-0.008
1090.0,-0.007
1091.0,-0.007
1092.0,-0.007
1093.0,-0.007
1094.0,-0.007
1095.0,-0.007
1096.0,-0.007
1097.0,-0.007
1098.0,-0.007
1099.0,-0.007
1100.0,-0.006
1101.0,-0.006
1102.0,-0.006
1103.0,-0.006
1104.0,-0.006
1105.0,-0.006
1106.0,-0.006
1107.0,-0.006
1108.0,-0.006
1109.0,-0.006
1110.0,-0.005
1111.0,-0.005
1112.0,-0.005
1113.0,-0.005
1114.0,-0.005
1115.0,-0.005
1116.0,-0.005
1117.0,-0.005
1118.0,-0.005
1119.0,-0.004
1120.0,-0.004
1121.0,-0.004
1122.0,-0.004
1123.0,-0.004
1124.0,-0.004
1125.0,-0.004
1126.0,-0.004
1127.0,-0.004
1128.0,-0.004
1129.0,-0.003
1130.0,-0.003
1131.0,-0.003
1132.0,-0.003
1133.0,-0.003
1134.0,-0.003
1135.0,-0.003
1136.0,-0.003
1137.0,-0.003
1138.0,-0.003
1139.0,-0.002
1140.0,-0.002
1141.0,-0.002
1142.0,-0.002
1143.0,-0.002
1144.0,-0.002
1145.0,-0.002
1146.0,-0.002
1147.0,-0.002
1148.0,-0.002
1149.0,-0.001
1150.0,-0.001
1151.0,-0.001
1152.0,-0.001
1153.0,-0.001
1154.0,-0.001
1155.0,-0.001
1156.0,-0.001
1157.0,-0.001
1158.0,-0.001
1159.0,-0.0
1160.0,-0.0
1161.0,-0.0
1162.0,-0.0
1163.0,-0.0
1164.0,0.0
1165.0,0.0
1166.0,0.0
1167.0,0.0
1168.0,0.0
1169.0,0.001
1170.0,0.001
1171.0,0.001
1172.0,0.001
1173.0,0.001
1174.0,0.001
1175.0,0.001
1176.0,0.001
1177.0,0.001
1178.0,0.001
1179.0,0.002
1180.0,0.002
1181.0,0.002
1182.0,0.002
1183.0,0.002
1184.0,0.002
1185.0,0.002
1186.0,0.002
1187.0,0.002
1188.0,0.002
1189.0,0.003
1190.0,0.003
1191.0,0.003
1192.0,0.003
1193.0,0.003
1194.0,0.003
1195.0,0.003
1196.0,0.003
1197.0,0.003
1198.0,0.003
1199.0,0.004
1200.0,0.004
1201.0,0.004
1202.0,0.004
1203.0,0.004
1204.0,0.004
1205.0,0.004
1206.0,0.004
1207.0,0.004
1208.0,0.004
1209.0,0.005
1210.0,0.005
1211.0,0.005
1212.0,0.005
1213.0,0.005
1214.0,0.005
1215.0,0.005
1216.0,0.005
1217.0,0.005
1218.0,0.005
1219.0,0.006
1220.0,0.006
1221.0,0.006
1222.0,0.006
1223.0,0.006
1224.0,0.006
1225.0,0.006
1226.0,0.006
1227.0,0.006
1228.0,0.006
1229.0,0.007
1230.0,0.007
1231.0,0.007
1232.0,0.007
1233.0,0.007
1234.0,0.007
1235.0,0.007
1236.0,0.007
1237.0,0.007
1238.0,0.007
1239.0,0.008
1240.0,0.008
1241.0,0.008
1242.0,0.008
1243.0,0.008
1244.0,0.008
1245.0,0.008
1246.0,0.008
1247.0,0.008
1248.0,0.008
1249.0,0.008
1250.0,0.009
1251.0,0.009
1252.0,0.009
1253.0,0.009
1254.0,0.009
1255.0,0.009
1256.0,0.009
1257.0,0.009
1258.0,0.009
1259.0,0.009
1260.0,0.01
1261.0,0.01
1262.0,0.01
1263.0,0.01
1264.0,0.01
1265.0,0.01
1266.0,0.01
1267.0,0.01
1268.0,0.01
1269.0,0.01
1270.0,0.011
1271.0,0.011
1272.0,0.011
1273.0,0.011
1274.0,0.011
1275.0,0.011
1276.0,0.011
1277.0,0.011
1278.0,0.011
1279.0,0.011
1280.0,0.012
1281.0,0.012
1282.0,0.012
1283.0,0.012
1284.0,0.012
1285.0,0.012
1286.0,0.012
1287.0,0.012
1288.0,0.012
1289.0,0.012
1290.0,0.012
1291.0,0.013
1292.0,0.013
1293.0,0.013
1294.0,0.013
1295.0,0.013
1296.0,0.013
1297.0,0.013
1298.0,0.013
1299.0,0.013
1300.0,0.013
1301.0,0.014
1302.0,0.014
1303.0,0.014
1304.0,0.014
1305.0,0.014
1306.0,0.014
1307.0,0.014
1308.0,0.014
1309.0,0.014
1310.0,0.014
1311.0,0.015
1312.0,0.015
1313.0,0.015
1314.0,0.015
1315.0,0.015
1316.0,0.015
1317.0,0.015
1318.0,0.015
1319.0,0.015
1320.0,0.015
1321.0,0.015
1322.0,0.016
1323.0,0.016
1324.0,0.016
1325.0,0.016
1326.0,0.016
1327.0,0.016
1328.0,0.016
1329.0,0.016
1330.0,0.016
1331.0,0.016
1332.0,0.017
1333.0,0.017
1334.0,0.017
1335.0,0.017
1336.0,0.017
1337.0,0.017
1338.0,0.017
1339.0,0.017
1340.0,0.017
1341.0,0.017
1342.0,0.017
1343.0,0.018
1344.0,0.018
1345.0,0.018
1346.0,0.018
1347.0,0.018
1348.0,0.018
1349.0,0.018
1350.0,0.018
1351.0,0.018
1352.0,0.018
1353.0,0.019
1354.0,0.019
1355.0,0.019
1356.0,0.019
1357.0,0.019
1358.0,0.019
1359.0,0.019
1360.0,0.019
1361.0,0.019
1362.0,0.019
1363.0,0.019
1364.0,0.02
1365.0,0.02
1366.0,0.02
1367.0,0.02
1368.0,0.02
1369.0,0.02
1370.0,0.02
1371.0,0.02
1372.0,0.02
1373.0,0.02
1374.0,0.021
1375.0,0.021
1376.0,0.021
1377.0,0.021
1378.0,0.021
1379.0,0.021
1380.0,0.021
1381.0,0.021
1382.0,0.021
1383.0,0.021
1384.0,0.021
1385.0,0.022
1386.0,0.022
1387.0,0.022
1388.0,0.022
1389.0,0.022
1390.0,0.022
1391.0,0.022
1392.0,0.022
1393.0,0.022
1394.0,0.022
1395.0,0.023
1396.0,0.023
1397.0,0.023
1398.0,0.023
1399.0,0.023
1400.0,0.023
1401.0,0.023
1402.0,0.023
1403.0,0.023
1404.0,0.023
1405.0,0.023
1406.0,0.024
1407.0,0.024
1408.0,0.024
1409.0,0.024
1410.0,0.024
1411.0,0.024
1412.0,0.024
1413.0,0.024
1414.0,0.024
1415.0,0.024
1416.0,0.025
1417.0,0.025
1418.0,0.025
1419.0,0.025
1420.0,0.025
1421.0,0.025
1422.0,0.025
1423.0,0.025
1424.0,0.025
1425.0,0.025
1426.0,0.025
1427.0,0.026
1428.0,0.026
1429.0,0.026
1430.0,0.026
1431.0,0.026
1432.0,0.026
1433.0,0.026
1434.0,0.026
1435.0,0.026
1436.0,0.026
1437.0,0.027
1438.0,0.027
1439.0,0.027
1440.0,0.027
1441.0,0.027
1442.0,0.027
1443.0,0.027
1444.0,0.027
1445.0,0.027
1446.0,0.027
1447.0,0.027
1448.0,0.028
1449.0,0.028
1450.0,0.028
1451.0,0.028
1452.0,0.028
