1.0,32.0
2.0,29.0
3.0,32.0
4.0,32.0
5.0,33.0
6.0,27.0
7.0,34.0
8.0,22.0
9.0,30.0
10.0,35.0
11.0,27.0
12.0,23.0
13.0,28.0
14.0,34.0
15.0,35.0
16.0,45.0
17.0,36.0
18.0,26.0
19.0,23.0
20.0,16.0
21.0,23.0
22.0,25.0
23.0,20.0
24.0,36.0
25.0,26.0
26.0,34.0
27.0,34.0
28.0,41.0
29.0,38.0
30.0,38.0
31.0,37.0
32.0,43.0
33.0,36.0
34.0,38.0
35.0,34.0
36.0,30.0
37.0,33.0
38.0,41.0
39.0,42.0
40.0,37.0
41.0,33.0
42.0,34.0
43.0,36.0
44.0,25.0
45.0,35.0
46.0,41.0
47.0,46.0
48.0,41.0
49.0,34.0
50.0,39.0
51.0,29.0
52.0,32.0
53.0,29.0
54.0,20.0
55.0,25.0
56.0,32.0
57.0,24.0
58.0,22.0
59.0,34.0
60.0,25.0
61.0,30.0
62.0,30.0
63.0,32.0
64.0,34.0
65.0,29.0
66.0,28.0
67.0,24.0
68.0,22.0
69.0,27.0
70.0,23.0
71.0,22.0
72.0,52.0
73.0,32.0
74.0,30.0
75.0,29.0
76.0,53.0
77.0,32.0
78.0,23.0
79.0,40.0
80.0,33.0
81.0,71.0
82.0,26.0
83.0,22.0
84.0,14.0
85.0,20.0
86.0,27.0
87.0,31.0
88.0,28.0
89.0,46.0
90.0,65.0
91.0,30.0
92.0,36.0
93.0,27.0
94.0,36.0
95.0,31.0
96.0,30.0
97.0,33.0
98.0,40.0
99.0,38.0
100.0,29.0
101.0,37.0
102.0,40.0
103.0,42.0
104.0,25.0
105.0,24.0
106.0,33.0
107.0,48.0
108.0,55.0
109.0,38.0
110.0,27.0
111.0,27.0
112.0,38.0
113.0,36.0
114.0,31.0
115.0,34.0
116.0,32.0
117.0,27.0
118.0,29.0
119.0,33.0
120.0,33.0
121.0,32.0
122.0,32.0
123.0,46.0
124.0,36.0
125.0,40.0
126.0,45.0
127.0,44.0
128.0,25.0
129.0,25.0
130.0,24.0
131.0,40.0
132.0,38.0
133.0,41.0
134.0,42.0
135.0,43.0
136.0,39.0
137.0,33.0
138.0,29.0
139.0,40.0
140.0,31.0
141.0,37.0
142.0,58.0
143.0,69.0
144.0,64.0
145.0,71.0
146.0,44.0
147.0,40.0
148.0,26.0
149.0,24.0
150.0,29.0
151.0,25.0
152.0,30.0
153.0,33.0
154.0,36.0
155.0,32.0
156.0,36.0
157.0,35.0
158.0,33.0
159.0,33.0
160.0,26.0
161.0,28.0
162.0,50.0
163.0,59.0
164.0,29.0
165.0,23.0
166.0,27.0
167.0,35.0
168.0,35.0
169.0,34.0
170.0,30.0
171.0,31.0
172.0,35.0
173.0,18.0
174.0,34.0
175.0,27.0
176.0,29.0
177.0,24.0
178.0,27.0
179.0,30.0
180.0,32.0
181.0,23.0
182.0,31.0
183.0,24.0
184.0,25.0
185.0,19.0
186.0,14.0
187.0,24.0
188.0,28.0
189.0,26.0
190.0,23.0
191.0,23.0
192.0,33.0
193.0,25.0
194.0,27.0
195.0,20.0
196.0,42.0
197.0,37.0
198.0,57.0
199.0,45.0
200.0,63.0
201.0,33.0
202.0,46.0
203.0,30.0
204.0,32.0
205.0,19.0
206.0,20.0
207.0,24.0
208.0,39.0
209.0,38.0
210.0,40.0
211.0,42.0
212.0,41.0
213.0,27.0
214.0,29.0
215.0,25.0
216.0,34.0
217.0,20.0
218.0,24.0
219.0,18.0
220.0,20.0
221.0,24.0
222.0,25.0
223.0,35.0
224.0,24.0
225.0,37.0
226.0,59.0
227.0,52.0
228.0,34.0
229.0,63.0
230.0,74.0
231.0,70.0
232.0,32.0
233.0,29.0
234.0,32.0
235.0,31.0
236.0,46.0
237.0,36.0
238.0,32.0
239.0,36.0
240.0,19.0
241.0,14.0
242.0,25.0
243.0,26.0
244.0,28.0
245.0,29.0
246.0,34.0
247.0,52.0
248.0,37.0
249.0,31.0
250.0,32.0
251.0,27.0
252.0,27.0
253.0,30.0
254.0,35.0
255.0,23.0
256.0,31.0
257.0,39.0
258.0,40.0
259.0,31.0
260.0,26.0
261.0,36.0
262.0,36.0
263.0,36.0
264.0,27.0
265.0,32.0
266.0,34.0
267.0,26.0
268.0,27.0
269.0,31.0
270.0,41.0
271.0,25.0
272.0,27.0
273.0,28.0
274.0,38.0
275.0,32.0
276.0,33.0
277.0,30.0
278.0,15.0
279.0,23.0
280.0,33.0
281.0,32.0
282.0,28.0
283.0,36.0
284.0,16.0
285.0,16.0
286.0,39.0
287.0,37.0
288.0,30.0
289.0,30.0
290.0,28.0
291.0,30.0
292.0,28.0
293.0,41.0
294.0,34.0
295.0,35.0
296.0,42.0
297.0,32.0
298.0,23.0
299.0,29.0
300.0,35.0
301.0,43.0
302.0,64.0
303.0,68.0
304.0,46.0
305.0,25.0
306.0,31.0
307.0,21.0
308.0,20.0
309.0,29.0
310.0,34.0
311.0,28.0
312.0,27.0
313.0,26.0
314.0,21.0
315.0,28.0
316.0,33.0
317.0,23.0
318.0,22.0
319.0,22.0
320.0,20.0
321.0,25.0
322.0,32.0
323.0,26.0
324.0,27.0
325.0,27.0
326.0,25.0
327.0,17.0
328.0,12.0
329.0,22.0
330.0,14.0
331.0,32.0
332.0,27.0
333.0,32.0
334.0,38.0
335.0,49.0
336.0,40.0
337.0,84.0
338.0,80.0
339.0,67.0
340.0,53.0
341.0,23.0
342.0,26.0
343.0,14.0
344.0,28.0
345.0,25.0
346.0,19.0
347.0,18.0
348.0,17.0
349.0,17.0
350.0,33.0
351.0,28.0
352.0,8.0
353.0,18.0
354.0,36.0
355.0,28.0
356.0,31.0
357.0,28.0
358.0,23.0
359.0,38.0
360.0,21.0
361.0,26.0
362.0,29.0
363.0,35.0
364.0,27.0
365.0,27.0
366.0,22.0
367.0,37.0
368.0,39.0
369.0,28.0
370.0,44.0
371.0,58.0
372.0,40.0
373.0,34.0
374.0,34.0
375.0,26.0
376.0,24.0
377.0,25.0
378.0,29.0
379.0,18.0
380.0,31.0
381.0,32.0
382.0,37.0
383.0,25.0
384.0,42.0
385.0,32.0
386.0,33.0
387.0,39.0
388.0,26.0
389.0,32.0
390.0,23.0
391.0,32.0
392.0,38.0
393.0,36.0
394.0,30.0
395.0,35.0
396.0,33.0
397.0,39.0
398.0,53.0
399.0,44.0
400.0,43.0
401.0,36.0
402.0,39.0
403.0,53.0
404.0,35.0
405.0,30.0
406.0,33.0
407.0,23.0
408.0,36.0
409.0,27.0
410.0,14.0
411.0,25.0
412.0,25.0
413.0,26.0
414.0,27.0
415.0,35.0
416.0,28.0
417.0,26.0
418.0,16.0
419.0,14.0
420.0,32.0
421.0,22.0
422.0,21.0
423.0,32.0
424.0,37.0
425.0,29.0
426.0,29.0
427.0,28.0
428.0,31.0
429.0,19.0
430.0,17.0
431.0,8.0
432.0,30.0
433.0,28.0
434.0,25.0
435.0,20.0
436.0,30.0
437.0,57.0
438.0,9.0
439.0,24.0
440.0,43.0
441.0,26.0
442.0,22.0
443.0,16.0
444.0,18.0
445.0,20.0
446.0,28.0
447.0,42.0
448.0,48.0
449.0,42.0
450.0,28.0
451.0,46.0
452.0,28.0
453.0,22.0
454.0,16.0
455.0,22.0
456.0,18.0
457.0,35.0
458.0,19.0
459.0,17.0
460.0,30.0
461.0,32.0
462.0,33.0
463.0,26.0
464.0,30.0
465.0,23.0
466.0,26.0
467.0,38.0
468.0,43.0
469.0,39.0
470.0,38.0
471.0,34.0
472.0,38.0
473.0,36.0
474.0,35.0
475.0,40.0
476.0,47.0
477.0,41.0
478.0,39.0
479.0,26.0
480.0,19.0
481.0,31.0
482.0,27.0
483.0,34.0
484.0,37.0
485.0,40.0
486.0,30.0
487.0,33.0
488.0,41.0
489.0,43.0
490.0,45.0
491.0,39.0
492.0,44.0
493.0,41.0
494.0,35.0
495.0,36.0
496.0,31.0
497.0,26.0
498.0,35.0
499.0,33.0
500.0,34.0
501.0,31.0
502.0,30.0
503.0,33.0
504.0,57.0
505.0,59.0
506.0,51.0
507.0,42.0
508.0,41.0
509.0,27.0
510.0,35.0
511.0,37.0
512.0,41.0
513.0,39.0
514.0,33.0
515.0,32.0
516.0,28.0
517.0,27.0
518.0,37.0
519.0,35.0
520.0,38.0
521.0,31.0
522.0,35.0
523.0,31.0
524.0,24.0
525.0,30.0
526.0,26.0
527.0,38.0
528.0,38.0
529.0,33.0
530.0,30.0
531.0,34.0
532.0,23.0
533.0,18.0
534.0,33.0
535.0,35.0
536.0,43.0
537.0,27.0
538.0,17.0
539.0,23.0
540.0,33.0
541.0,45.0
542.0,24.0
543.0,27.0
544.0,18.0
545.0,25.0
546.0,25.0
547.0,25.0
548.0,34.0
549.0,29.0
550.0,27.0
551.0,22.0
552.0,33.0
553.0,27.0
554.0,24.0
555.0,22.0
556.0,26.0
557.0,23.0
558.0,30.0
559.0,31.0
560.0,29.0
561.0,33.0
562.0,23.0
563.0,24.0
564.0,21.0
565.0,29.0
566.0,18.0
567.0,16.0
568.0,28.0
569.0,27.0
570.0,26.0
571.0,26.0
572.0,32.0
573.0,28.0
574.0,26.0
575.0,22.0
576.0,25.0
577.0,24.0
578.0,23.0
