1.0,15.622
2.0,1.759
3.0,1.628
4.0,2.184
5.0,1.791
6.0,1.669
7.0,1.75
8.0,1.791
9.0,1.871
10.0,1.687
11.0,1.748
12.0,1.768
13.0,1.73
14.0,1.849
15.0,1.458
16.0,1.707
17.0,1.582
18.0,1.788
19.0,1.898
20.0,2.02
21.0,0.862
22.0,0.378
23.0,0.378
24.0,0.357
25.0,0.378
26.0,0.336
27.0,0.315
28.0,0.483
29.0,0.336
30.0,2.379
31.0,4.986
32.0,6.925
33.0,5.922
34.0,5.881
35.0,5.924
36.0,5.772
37.0,5.925
38.0,5.836
39.0,5.778
40.0,5.838
41.0,5.907
42.0,5.911
43.0,5.795
44.0,5.715
45.0,5.88
46.0,5.985
47.0,5.86
48.0,5.924
49.0,5.918
50.0,5.967
51.0,5.991
52.0,5.921
53.0,5.941
54.0,5.845
55.0,6.043
56.0,5.986
57.0,5.9
58.0,5.859
59.0,5.823
60.0,5.948
61.0,5.988
62.0,5.943
63.0,5.998
64.0,5.982
65.0,5.925
66.0,5.981
67.0,5.88
68.0,5.824
69.0,6.021
70.0,5.94
71.0,5.924
72.0,5.901
73.0,5.938
74.0,6.026
75.0,5.99
76.0,5.939
77.0,5.901
78.0,5.879
79.0,5.941
80.0,5.826
81.0,5.847
82.0,5.829
83.0,6.046
84.0,5.882
85.0,5.858
86.0,5.826
87.0,5.863
88.0,5.998
89.0,5.902
90.0,5.858
91.0,5.87
92.0,5.903
93.0,5.88
94.0,5.887
95.0,5.912
96.0,5.954
97.0,6.038
98.0,6.065
99.0,6.002
100.0,6.104
101.0,6.028
102.0,6.034
103.0,6.087
104.0,6.089
105.0,5.915
106.0,5.836
107.0,6.169
108.0,5.785
109.0,5.275
110.0,4.577
111.0,5.977
112.0,5.964
113.0,5.83
114.0,5.173
115.0,5.932
116.0,5.863
117.0,5.921
118.0,6.022
119.0,4.276
120.0,5.346
121.0,5.846
122.0,4.798
123.0,5.932
124.0,5.291
125.0,5.148
126.0,5.961
127.0,4.364
128.0,5.984
129.0,4.925
130.0,5.982
131.0,4.805
132.0,5.968
133.0,5.587
134.0,5.938
135.0,5.007
136.0,5.947
137.0,5.117
138.0,5.96
139.0,3.977
140.0,5.994
141.0,5.828
142.0,5.845
143.0,5.58
144.0,5.531
145.0,5.685
146.0,5.907
147.0,5.554
148.0,5.066
149.0,5.964
150.0,3.991
151.0,6.049
152.0,5.704
153.0,5.126
154.0,6.195
155.0,5.86
156.0,6.022
157.0,5.782
158.0,4.062
159.0,5.813
160.0,5.156
161.0,5.81
162.0,5.385
163.0,4.339
164.0,5.38
165.0,4.816
166.0,5.77
167.0,4.409
168.0,5.001
169.0,5.679
170.0,4.801
171.0,4.77
172.0,5.485
173.0,4.308
174.0,4.52
175.0,5.436
176.0,5.213
177.0,5.272
178.0,5.989
179.0,4.419
180.0,5.828
181.0,5.295
182.0,3.583
183.0,5.229
184.0,5.165
185.0,5.329
186.0,5.8
187.0,5.439
188.0,5.732
189.0,5.485
190.0,5.74
191.0,5.136
192.0,5.259
193.0,3.933
194.0,5.56
195.0,4.898
196.0,4.945
197.0,5.027
198.0,4.659
199.0,5.436
200.0,5.65
201.0,3.57
202.0,4.307
203.0,5.123
204.0,5.452
205.0,5.479
206.0,5.814
207.0,3.555
208.0,3.982
209.0,5.21
210.0,5.905
211.0,4.732
212.0,4.702
213.0,5.691
214.0,4.723
215.0,4.959
216.0,4.657
217.0,4.073
218.0,4.983
219.0,4.34
220.0,5.173
221.0,5.062
222.0,4.856
223.0,5.408
224.0,5.369
225.0,5.54
226.0,5.843
227.0,4.904
228.0,5.914
229.0,6.554
230.0,5.811
231.0,4.531
232.0,5.154
233.0,5.856
234.0,5.755
235.0,5.191
236.0,5.458
237.0,4.959
238.0,4.913
239.0,5.948
240.0,5.629
241.0,3.698
242.0,3.863
243.0,5.483
244.0,4.572
245.0,4.483
246.0,4.361
247.0,4.463
248.0,4.97
249.0,4.798
250.0,6.036
251.0,4.069
252.0,5.85
253.0,5.722
254.0,5.382
255.0,4.284
256.0,3.84
257.0,5.249
258.0,5.623
259.0,4.691
260.0,4.678
261.0,5.258
262.0,5.552
263.0,4.565
264.0,5.496
265.0,4.543
266.0,4.311
267.0,5.964
268.0,4.458
269.0,5.471
270.0,4.37
271.0,4.953
272.0,5.282
273.0,5.527
274.0,4.917
275.0,5.21
276.0,5.089
277.0,5.682
278.0,3.705
279.0,4.819
280.0,5.436
281.0,5.881
282.0,5.981
283.0,3.828
284.0,4.823
285.0,5.588
286.0,5.519
287.0,4.337
288.0,4.561
289.0,4.542
290.0,4.514
291.0,4.793
292.0,3.746
293.0,5.427
294.0,4.241
295.0,5.256
296.0,4.243
297.0,5.196
298.0,5.091
299.0,4.838
300.0,5.578
301.0,4.92
302.0,3.769
303.0,3.442
304.0,5.28
305.0,4.775
306.0,4.741
307.0,4.432
308.0,4.083
309.0,4.3
310.0,5.174
311.0,4.882
312.0,4.077
313.0,4.833
314.0,4.185
315.0,4.285
316.0,4.038
317.0,3.496
318.0,4.258
319.0,3.811
320.0,5.596
321.0,3.537
322.0,3.805
323.0,3.917
324.0,3.855
325.0,5.998
326.0,4.075
327.0,4.065
328.0,4.475
329.0,4.026
330.0,5.439
331.0,4.471
332.0,4.426
333.0,4.614
334.0,4.061
335.0,4.281
336.0,3.84
337.0,4.695
338.0,5.413
339.0,5.611
340.0,3.899
341.0,3.72
342.0,3.639
343.0,3.922
344.0,4.359
345.0,4.455
346.0,4.369
347.0,3.196
348.0,4.443
349.0,5.017
350.0,3.846
351.0,3.262
352.0,3.585
353.0,3.931
354.0,4.365
355.0,4.44
356.0,4.091
357.0,3.072
358.0,4.034
359.0,5.171
360.0,4.239
361.0,3.899
362.0,3.838
363.0,3.481
364.0,5.102
365.0,4.657
366.0,4.501
367.0,4.274
368.0,4.595
369.0,5.845
370.0,4.453
371.0,3.938
372.0,2.986
373.0,4.976
374.0,5.693
375.0,4.748
376.0,3.206
377.0,3.912
378.0,4.538
379.0,4.318
380.0,4.933
381.0,3.822
382.0,3.686
383.0,5.445
384.0,5.382
385.0,4.031
386.0,4.454
387.0,6.17
388.0,5.177
389.0,5.239
390.0,5.785
391.0,4.315
392.0,3.333
393.0,6.706
394.0,6.27
395.0,5.243
396.0,5.143
397.0,5.628
398.0,5.885
399.0,3.465
400.0,4.292
401.0,3.793
402.0,3.742
403.0,5.384
404.0,4.679
405.0,4.537
406.0,3.72
407.0,4.792
408.0,3.824
409.0,4.627
410.0,4.943
411.0,2.678
412.0,3.115
413.0,5.423
414.0,5.591
415.0,4.285
416.0,3.897
417.0,5.448
418.0,4.728
419.0,5.75
420.0,5.614
421.0,4.385
422.0,4.186
423.0,5.032
424.0,6.232
425.0,4.552
426.0,4.272
427.0,4.16
428.0,6.676
429.0,4.967
430.0,4.919
431.0,2.991
432.0,4.581
433.0,4.36
434.0,2.872
435.0,4.743
436.0,5.667
437.0,5.127
438.0,5.056
439.0,4.64
440.0,3.724
441.0,5.848
442.0,4.95
443.0,5.92
444.0,3.134
445.0,4.292
446.0,3.075
447.0,4.232
448.0,5.084
449.0,4.674
450.0,3.587
451.0,5.22
452.0,5.772
453.0,4.648
454.0,4.955
455.0,3.243
456.0,5.927
457.0,5.007
458.0,5.743
459.0,4.383
460.0,5.506
461.0,4.798
462.0,4.56
463.0,5.834
464.0,4.063
465.0,4.683
466.0,4.007
467.0,4.745
468.0,4.398
469.0,3.494
470.0,4.219
471.0,3.883
472.0,4.192
473.0,3.524
474.0,3.152
475.0,3.774
476.0,2.626
477.0,2.858
478.0,3.362
479.0,3.382
480.0,3.064
481.0,3.67
482.0,2.723
483.0,3.585
484.0,2.75
485.0,3.4
486.0,2.908
487.0,3.425
488.0,3.709
489.0,3.454
490.0,3.852
491.0,2.832
492.0,3.273
493.0,3.557
494.0,3.96
495.0,4.315
496.0,2.828
497.0,3.632
498.0,4.027
499.0,3.232
500.0,4.488
501.0,3.785
502.0,3.611
503.0,4.049
504.0,5.069
505.0,3.526
506.0,4.839
507.0,4.777
508.0,3.977
509.0,4.943
510.0,4.262
511.0,4.676
512.0,5.027
513.0,4.737
514.0,5.599
515.0,4.838
516.0,3.142
517.0,4.491
518.0,5.275
519.0,2.591
520.0,4.658
521.0,4.696
522.0,4.184
523.0,4.63
524.0,4.768
525.0,5.216
526.0,4.969
527.0,5.134
528.0,3.055
529.0,4.283
530.0,3.956
531.0,3.72
532.0,5.441
533.0,4.831
534.0,5.604
535.0,4.242
536.0,3.129
537.0,3.388
538.0,4.12
539.0,2.946
540.0,3.617
541.0,2.644
542.0,3.922
543.0,4.303
544.0,5.26
545.0,3.569
546.0,2.708
547.0,5.75
548.0,5.194
549.0,4.587
550.0,4.698
551.0,2.357
552.0,3.513
553.0,4.399
554.0,3.672
555.0,4.988
556.0,5.667
557.0,4.977
558.0,3.466
559.0,4.989
560.0,3.503
561.0,4.712
562.0,5.181
563.0,2.379
564.0,3.103
565.0,3.631
566.0,3.392
567.0,5.845
568.0,5.768
569.0,5.202
570.0,6.038
571.0,2.899
572.0,4.378
573.0,5.053
574.0,5.223
575.0,3.629
576.0,4.322
577.0,4.12
578.0,4.264
579.0,4.563
580.0,3.229
581.0,3.483
582.0,4.845
583.0,5.491
584.0,4.074
585.0,4.159
586.0,3.889
587.0,2.678
588.0,2.439
589.0,2.512
590.0,4.214
591.0,2.944
592.0,4.152
593.0,2.404
594.0,3.475
595.0,3.876
596.0,3.05
597.0,5.324
598.0,5.378
599.0,3.14
600.0,5.699
601.0,4.927
602.0,3.631
603.0,2.878
604.0,4.368
605.0,5.758
606.0,3.126
607.0,2.549
608.0,2.472
609.0,2.457
610.0,3.181
611.0,4.156
612.0,3.134
613.0,5.642
614.0,4.283
615.0,5.825
616.0,3.647
617.0,2.464
618.0,2.492
619.0,3.316
620.0,4.717
621.0,2.905
622.0,2.148
623.0,2.364
624.0,2.466
625.0,4.989
626.0,4.716
627.0,3.685
628.0,4.869
629.0,4.642
630.0,5.539
631.0,3.828
632.0,3.106
633.0,3.988
634.0,5.538
635.0,5.584
636.0,3.483
637.0,2.92
638.0,5.495
639.0,5.021
640.0,3.353
641.0,2.664
642.0,2.158
643.0,2.699
644.0,2.345
645.0,2.382
646.0,3.259
647.0,3.093
648.0,4.041
649.0,2.848
650.0,5.159
651.0,3.487
652.0,4.275
653.0,3.305
654.0,2.504
655.0,2.278
656.0,4.691
657.0,3.204
658.0,2.814
659.0,4.849
660.0,5.139
661.0,4.387
662.0,5.06
663.0,2.768
664.0,4.951
665.0,5.412
666.0,2.99
667.0,3.535
668.0,3.389
669.0,2.199
670.0,2.668
671.0,3.183
672.0,3.36
673.0,3.597
674.0,3.428
675.0,5.44
676.0,3.234
677.0,2.811
678.0,3.353
679.0,2.743
680.0,4.427
681.0,2.263
682.0,2.737
683.0,4.151
684.0,3.681
685.0,4.225
686.0,4.496
687.0,2.337
688.0,3.255
689.0,5.252
690.0,4.273
691.0,2.633
692.0,2.259
693.0,2.234
694.0,4.614
695.0,3.36
696.0,2.277
697.0,2.339
698.0,3.959
699.0,3.852
700.0,5.424
701.0,2.205
702.0,2.717
703.0,4.689
704.0,3.182
705.0,4.406
706.0,2.3
707.0,2.68
708.0,3.712
709.0,4.165
710.0,4.315
711.0,2.508
712.0,4.647
713.0,3.957
714.0,4.174
715.0,3.162
716.0,2.147
717.0,4.843
718.0,4.894
719.0,5.213
720.0,3.481
721.0,2.304
722.0,3.158
723.0,3.598
724.0,4.826
725.0,3.496
726.0,3.273
727.0,4.0
728.0,3.729
729.0,3.835
730.0,5.181
731.0,4.361
732.0,4.145
733.0,4.74
734.0,4.514
735.0,3.571
736.0,3.653
737.0,3.777
738.0,4.256
739.0,2.525
740.0,2.552
741.0,2.59
742.0,4.397
743.0,2.964
744.0,2.919
745.0,3.52
746.0,2.472
747.0,4.711
748.0,2.522
749.0,2.646
750.0,2.579
751.0,3.236
752.0,5.687
753.0,2.559
754.0,2.574
755.0,2.577
756.0,5.187
757.0,4.983
758.0,2.582
759.0,2.56
760.0,2.725
761.0,4.099
762.0,3.051
763.0,2.363
764.0,2.559
765.0,3.385
766.0,4.029
767.0,3.415
768.0,2.653
769.0,3.971
770.0,4.781
771.0,4.238
772.0,4.03
773.0,4.547
774.0,4.083
775.0,2.824
776.0,3.622
777.0,4.093
778.0,5.561
779.0,4.603
780.0,2.592
781.0,4.549
782.0,4.052
783.0,2.497
784.0,4.063
785.0,3.171
786.0,3.597
787.0,2.235
788.0,2.776
789.0,2.273
790.0,2.866
791.0,3.307
792.0,3.794
793.0,3.896
794.0,3.481
795.0,4.226
796.0,3.28
797.0,2.452
798.0,2.513
799.0,4.256
800.0,5.03
801.0,2.961
802.0,3.217
803.0,3.105
804.0,3.784
805.0,5.404
806.0,3.51
807.0,3.521
808.0,3.336
809.0,2.318
810.0,2.713
811.0,2.259
812.0,4.074
813.0,2.154
814.0,2.202
815.0,3.226
816.0,2.199
817.0,3.283
818.0,2.312
819.0,2.216
820.0,2.233
821.0,2.251
822.0,2.08
823.0,2.16
824.0,2.174
825.0,2.134
826.0,2.176
827.0,2.17
828.0,2.254
829.0,2.271
830.0,2.179
831.0,2.187
832.0,2.549
833.0,2.574
834.0,2.374
835.0,2.301
836.0,2.235
837.0,2.291
838.0,2.22
839.0,2.122
840.0,2.073
841.0,2.092
842.0,2.222
843.0,2.28
844.0,2.248
845.0,2.317
846.0,2.215
847.0,2.37
848.0,4.907
849.0,2.915
850.0,3.282
851.0,2.699
852.0,3.836
853.0,4.336
854.0,2.799
855.0,2.902
856.0,2.649
857.0,3.32
858.0,3.339
859.0,3.238
860.0,2.322
861.0,2.789
862.0,4.359
863.0,4.691
864.0,5.03
865.0,2.441
866.0,2.474
867.0,2.365
868.0,2.221
869.0,2.319
870.0,2.318
871.0,2.35
872.0,2.441
873.0,2.511
874.0,2.412
875.0,2.388
876.0,2.607
877.0,3.505
878.0,4.341
879.0,3.744
880.0,3.697
881.0,2.391
882.0,3.565
883.0,3.181
884.0,3.156
885.0,2.39
886.0,2.552
887.0,5.184
888.0,2.617
889.0,2.286
890.0,2.299
891.0,2.318
892.0,2.27
893.0,2.224
894.0,2.243
895.0,2.243
896.0,2.277
897.0,2.192
898.0,2.24
899.0,2.199
900.0,3.443
901.0,3.212
902.0,2.831
903.0,2.264
904.0,2.208
905.0,2.12
906.0,2.189
907.0,2.356
908.0,2.224
909.0,2.18
910.0,2.301
911.0,2.192
912.0,2.136
913.0,2.16
914.0,2.239
915.0,2.321
916.0,2.285
917.0,2.306
918.0,2.306
919.0,2.278
920.0,2.589
921.0,2.322
922.0,2.32
923.0,2.461
924.0,2.518
925.0,2.41
926.0,2.461
927.0,2.468
928.0,2.436
929.0,2.526
930.0,2.301
931.0,2.118
932.0,2.154
933.0,2.318
934.0,2.176
935.0,2.647
936.0,2.584
937.0,2.23
938.0,2.227
939.0,2.281
940.0,2.272
941.0,3.139
942.0,3.074
943.0,3.173
944.0,2.866
945.0,2.441
946.0,2.276
947.0,2.292
948.0,2.26
949.0,2.227
950.0,2.282
951.0,4.686
952.0,4.099
953.0,3.502
954.0,4.651
955.0,2.224
956.0,2.353
957.0,2.321
958.0,2.276
959.0,2.304
960.0,2.254
961.0,2.662
962.0,2.381
963.0,3.974
964.0,4.064
965.0,4.081
966.0,2.515
967.0,2.539
968.0,2.811
969.0,3.363
970.0,3.189
971.0,2.264
972.0,2.245
973.0,2.366
974.0,2.318
975.0,2.386
976.0,2.505
977.0,3.086
978.0,2.582
979.0,3.298
980.0,2.329
981.0,2.166
982.0,2.986
983.0,3.128
984.0,3.912
985.0,2.669
986.0,2.299
987.0,2.443
988.0,2.451
989.0,2.623
990.0,2.477
991.0,2.437
992.0,2.296
993.0,3.093
994.0,3.68
995.0,2.622
996.0,2.625
997.0,2.648
998.0,2.476
999.0,2.921
1000.0,2.69
1001.0,2.707
1002.0,3.806
1003.0,3.594
1004.0,3.99
1005.0,2.99
1006.0,3.282
1007.0,3.86
1008.0,3.222
1009.0,3.338
1010.0,3.965
1011.0,3.562
1012.0,4.508
1013.0,3.701
1014.0,2.605
1015.0,2.676
1016.0,2.848
1017.0,3.584
1018.0,3.884
1019.0,4.264
1020.0,2.942
1021.0,3.023
1022.0,2.597
1023.0,2.243
1024.0,2.206
1025.0,2.155
1026.0,2.117
1027.0,2.178
1028.0,2.319
1029.0,2.843
1030.0,2.829
1031.0,2.206
1032.0,2.365
1033.0,3.497
1034.0,2.2
1035.0,2.273
1036.0,2.25
1037.0,2.234
1038.0,2.322
1039.0,2.194
1040.0,2.173
1041.0,2.215
1042.0,2.234
1043.0,2.234
1044.0,2.175
1045.0,2.176
1046.0,2.222
1047.0,2.216
1048.0,2.207
1049.0,2.194
1050.0,2.139
1051.0,2.157
1052.0,2.243
1053.0,2.052
1054.0,2.223
1055.0,2.312
1056.0,2.176
1057.0,2.303
1058.0,2.261
1059.0,2.134
1060.0,2.133
1061.0,2.251
1062.0,2.209
1063.0,2.282
1064.0,2.251
1065.0,2.255
1066.0,2.24
1067.0,2.242
1068.0,2.271
1069.0,2.045
1070.0,2.057
1071.0,2.295
1072.0,2.216
1073.0,2.068
1074.0,1.986
1075.0,2.157
1076.0,2.213
1077.0,2.11
1078.0,2.168
1079.0,2.165
1080.0,2.597
1081.0,2.644
1082.0,2.427
1083.0,3.085
1084.0,2.058
1085.0,2.426
1086.0,3.188
1087.0,3.222
1088.0,2.583
1089.0,2.219
1090.0,2.792
1091.0,2.833
1092.0,2.542
1093.0,2.381
1094.0,2.279
1095.0,2.214
1096.0,2.3
1097.0,3.285
1098.0,2.816
1099.0,2.154
1100.0,2.227
1101.0,2.516
1102.0,2.291
1103.0,2.304
1104.0,2.182
1105.0,2.331
1106.0,2.638
1107.0,2.301
1108.0,3.938
1109.0,2.603
1110.0,2.154
1111.0,2.176
1112.0,2.22
1113.0,2.217
1114.0,2.247
1115.0,2.276
1116.0,2.275
1117.0,2.932
1118.0,3.697
1119.0,2.258
1120.0,2.157
1121.0,2.206
1122.0,2.201
1123.0,2.259
1124.0,2.1
1125.0,2.309
1126.0,2.233
1127.0,2.089
1128.0,2.177
1129.0,2.193
1130.0,2.229
1131.0,2.272
1132.0,2.143
1133.0,2.224
1134.0,3.588
1135.0,3.285
1136.0,2.599
1137.0,2.269
1138.0,3.498
1139.0,3.333
1140.0,2.176
1141.0,2.264
1142.0,2.6
1143.0,3.254
1144.0,2.521
1145.0,3.395
1146.0,2.669
1147.0,2.214
1148.0,2.154
1149.0,2.16
1150.0,2.197
1151.0,2.606
1152.0,2.291
1153.0,3.266
1154.0,2.227
1155.0,2.391
1156.0,2.331
1157.0,2.508
1158.0,3.037
1159.0,2.867
1160.0,3.078
1161.0,2.23
1162.0,2.416
1163.0,3.601
1164.0,3.063
1165.0,2.568
1166.0,2.683
1167.0,2.581
1168.0,2.696
1169.0,2.678
1170.0,2.579
1171.0,2.694
1172.0,2.414
1173.0,2.156
1174.0,2.663
1175.0,2.473
1176.0,2.481
1177.0,2.476
1178.0,2.649
1179.0,2.644
1180.0,2.488
1181.0,2.08
1182.0,2.628
1183.0,2.593
1184.0,2.666
1185.0,2.767
1186.0,2.627
1187.0,2.224
1188.0,2.519
1189.0,2.31
1190.0,2.253
1191.0,2.251
1192.0,2.277
1193.0,2.26
1194.0,2.166
1195.0,2.172
1196.0,2.254
1197.0,2.295
1198.0,3.187
1199.0,2.242
1200.0,2.191
1201.0,2.274
1202.0,2.215
1203.0,2.178
1204.0,2.29
1205.0,2.144
1206.0,2.211
1207.0,2.253
1208.0,2.197
1209.0,2.157
1210.0,2.213
1211.0,2.278
1212.0,2.318
1213.0,2.174
1214.0,2.24
1215.0,2.264
1216.0,2.277
1217.0,2.196
1218.0,2.32
1219.0,2.106
1220.0,2.438
1221.0,2.26
1222.0,2.213
1223.0,2.135
1224.0,2.097
1225.0,2.153
1226.0,2.162
1227.0,1.28
1228.0,2.169
1229.0,2.353
1230.0,2.236
1231.0,2.211
1232.0,2.256
1233.0,2.251
1234.0,2.191
1235.0,2.332
1236.0,2.208
1237.0,2.302
1238.0,2.338
1239.0,2.194
1240.0,2.205
1241.0,2.232
1242.0,2.2
1243.0,2.141
1244.0,2.081
1245.0,2.143
1246.0,2.173
1247.0,2.284
1248.0,2.112
1249.0,2.138
1250.0,2.266
1251.0,2.246
1252.0,2.165
1253.0,2.161
1254.0,2.199
1255.0,2.171
1256.0,2.243
1257.0,2.18
1258.0,2.307
1259.0,2.22
1260.0,2.202
1261.0,2.267
1262.0,2.292
1263.0,2.27
1264.0,2.207
1265.0,2.31
1266.0,2.314
1267.0,2.24
1268.0,2.23
1269.0,2.33
1270.0,2.242
1271.0,2.303
1272.0,2.257
1273.0,2.498
1274.0,2.502
1275.0,2.588
1276.0,2.461
1277.0,2.474
1278.0,2.463
1279.0,2.794
1280.0,2.417
1281.0,2.646
1282.0,3.371
1283.0,2.905
1284.0,2.762
1285.0,2.866
1286.0,2.83
1287.0,3.212
1288.0,2.674
1289.0,2.797
1290.0,2.567
1291.0,2.532
1292.0,2.836
1293.0,2.519
1294.0,2.472
1295.0,2.365
1296.0,2.331
1297.0,2.365
1298.0,2.474
1299.0,2.408
1300.0,2.604
1301.0,2.471
1302.0,2.555
1303.0,2.606
1304.0,2.379
1305.0,2.501
1306.0,2.378
1307.0,2.363
1308.0,2.398
1309.0,2.533
1310.0,2.974
1311.0,2.816
1312.0,2.86
1313.0,2.638
1314.0,2.802
1315.0,2.668
1316.0,2.437
1317.0,2.236
1318.0,2.463
1319.0,2.48
1320.0,2.387
1321.0,2.389
1322.0,2.353
1323.0,2.4
1324.0,2.436
1325.0,2.362
1326.0,2.389
1327.0,2.536
1328.0,2.582
1329.0,3.069
1330.0,2.555
1331.0,2.558
1332.0,2.189
1333.0,2.176
1334.0,3.052
1335.0,2.586
1336.0,2.089
1337.0,2.005
1338.0,2.369
1339.0,2.961
1340.0,2.898
1341.0,3.125
1342.0,3.411
1343.0,2.209
1344.0,2.249
1345.0,2.309
1346.0,2.265
1347.0,2.117
1348.0,2.461
1349.0,2.775
1350.0,2.978
1351.0,2.44
1352.0,2.711
1353.0,2.367
1354.0,3.072
1355.0,2.328
1356.0,2.28
1357.0,2.279
1358.0,2.457
1359.0,2.18
1360.0,2.142
1361.0,2.493
1362.0,2.483
1363.0,2.56
1364.0,2.21
1365.0,2.248
1366.0,2.137
1367.0,2.225
1368.0,3.0
1369.0,2.609
1370.0,3.374
1371.0,2.592
1372.0,2.929
1373.0,2.506
1374.0,3.27
1375.0,4.35
1376.0,4.656
1377.0,3.712
1378.0,2.028
1379.0,2.666
1380.0,2.688
1381.0,2.54
1382.0,2.535
1383.0,2.589
1384.0,2.63
1385.0,2.65
1386.0,3.062
1387.0,2.561
1388.0,2.521
1389.0,3.015
1390.0,2.716
1391.0,2.823
1392.0,2.346
1393.0,2.062
1394.0,2.333
1395.0,2.401
1396.0,2.476
1397.0,2.3
1398.0,2.577
1399.0,2.229
1400.0,2.07
1401.0,2.163
1402.0,2.557
1403.0,2.456
1404.0,2.904
1405.0,2.654
1406.0,2.691
1407.0,3.176
1408.0,3.321
1409.0,3.708
1410.0,3.047
1411.0,2.584
1412.0,2.262
1413.0,2.911
1414.0,3.045
1415.0,2.796
1416.0,2.957
1417.0,2.564
1418.0,2.923
1419.0,3.38
1420.0,2.525
1421.0,3.508
1422.0,3.392
1423.0,2.914
1424.0,2.76
1425.0,3.408
1426.0,3.394
1427.0,3.475
1428.0,2.727
1429.0,2.69
1430.0,2.745
1431.0,3.21
1432.0,3.299
1433.0,3.085
1434.0,2.956
1435.0,3.777
1436.0,3.038
1437.0,3.06
1438.0,2.695
1439.0,2.752
1440.0,2.628
1441.0,2.556
1442.0,2.22
1443.0,2.457
1444.0,2.641
1445.0,2.383
1446.0,2.674
1447.0,2.097
1448.0,2.378
1449.0,2.411
1450.0,2.586
1451.0,2.361
1452.0,2.199
1453.0,2.301
1454.0,2.214
1455.0,2.284
1456.0,2.308
1457.0,2.156
1458.0,2.135
1459.0,2.242
1460.0,2.233
1461.0,2.192
1462.0,2.111
1463.0,2.035
1464.0,2.23
1465.0,2.261
1466.0,2.315
1467.0,2.606
1468.0,2.68
1469.0,2.606
1470.0,2.852
1471.0,2.517
1472.0,2.324
1473.0,2.538
1474.0,2.452
1475.0,2.584
1476.0,2.425
1477.0,2.452
1478.0,2.454
1479.0,2.107
1480.0,2.274
1481.0,2.194
1482.0,2.259
1483.0,2.09
1484.0,2.217
1485.0,2.244
1486.0,2.081
1487.0,2.247
1488.0,2.182
1489.0,2.274
1490.0,2.282
1491.0,2.133
1492.0,2.153
1493.0,2.179
1494.0,2.269
1495.0,2.314
1496.0,2.255
1497.0,2.098
1498.0,1.924
1499.0,2.139
1500.0,2.04
1501.0,2.102
1502.0,2.235
1503.0,1.932
1504.0,2.234
1505.0,2.271
1506.0,2.217
1507.0,2.237
1508.0,2.236
1509.0,2.378
1510.0,3.063
1511.0,2.927
1512.0,2.24
1513.0,2.23
1514.0,2.07
1515.0,2.217
1516.0,2.112
1517.0,2.049
1518.0,2.188
1519.0,2.321
1520.0,2.921
1521.0,2.059
1522.0,2.859
1523.0,2.353
1524.0,2.255
1525.0,2.207
1526.0,2.158
1527.0,2.091
1528.0,1.922
1529.0,2.736
1530.0,3.552
1531.0,3.118
1532.0,2.16
1533.0,2.155
1534.0,2.25
1535.0,2.297
1536.0,2.211
1537.0,2.431
1538.0,2.063
1539.0,2.129
1540.0,1.756
1541.0,2.186
1542.0,2.299
1543.0,2.211
1544.0,2.235
1545.0,2.247
1546.0,2.309
1547.0,2.183
1548.0,2.199
1549.0,2.262
1550.0,2.277
1551.0,2.195
1552.0,2.275
1553.0,2.298
1554.0,2.198
1555.0,2.28
1556.0,2.321
1557.0,2.155
1558.0,2.254
1559.0,2.234
1560.0,2.192
1561.0,2.277
1562.0,2.258
1563.0,2.317
1564.0,2.265
1565.0,2.164
1566.0,2.114
1567.0,1.886
1568.0,2.215
1569.0,2.087
1570.0,2.268
1571.0,2.264
1572.0,2.198
1573.0,1.985
1574.0,2.177
1575.0,2.133
1576.0,2.349
1577.0,2.299
1578.0,2.128
1579.0,2.194
1580.0,2.119
1581.0,2.189
1582.0,2.444
1583.0,2.531
1584.0,2.465
1585.0,3.061
1586.0,2.829
1587.0,2.925
1588.0,2.956
1589.0,2.438
1590.0,2.501
1591.0,2.398
1592.0,2.818
1593.0,2.977
1594.0,2.633
1595.0,2.126
1596.0,3.354
1597.0,2.89
1598.0,2.932
1599.0,2.895
1600.0,2.324
1601.0,2.349
1602.0,2.784
1603.0,2.888
1604.0,2.742
1605.0,2.564
1606.0,3.074
1607.0,2.54
1608.0,2.706
1609.0,2.582
1610.0,3.439
1611.0,2.432
1612.0,2.449
1613.0,2.283
1614.0,2.22
1615.0,2.269
1616.0,2.28
1617.0,3.259
1618.0,2.408
1619.0,3.24
1620.0,3.178
1621.0,3.258
1622.0,2.78
1623.0,2.68
1624.0,2.679
1625.0,2.388
1626.0,2.478
1627.0,1.886
1628.0,2.555
1629.0,2.773
1630.0,2.308
1631.0,2.241
1632.0,2.112
1633.0,2.176
1634.0,2.239
1635.0,2.234
1636.0,2.212
1637.0,2.119
1638.0,2.163
1639.0,2.254
1640.0,2.244
1641.0,2.281
1642.0,2.252
1643.0,2.408
1644.0,2.445
1645.0,2.308
1646.0,2.364
1647.0,2.532
1648.0,2.467
1649.0,2.477
1650.0,2.38
1651.0,2.535
1652.0,1.962
1653.0,2.423
1654.0,2.564
1655.0,2.327
1656.0,2.235
1657.0,2.453
1658.0,1.88
1659.0,2.377
1660.0,2.599
1661.0,2.308
1662.0,2.39
1663.0,2.215
1664.0,2.282
1665.0,2.38
1666.0,2.507
1667.0,2.401
1668.0,2.349
1669.0,2.308
1670.0,2.399
1671.0,2.844
1672.0,2.328
1673.0,2.604
1674.0,3.01
1675.0,2.65
1676.0,2.429
1677.0,2.562
1678.0,2.493
1679.0,2.713
1680.0,2.275
1681.0,2.236
1682.0,2.233
1683.0,2.246
1684.0,2.212
1685.0,2.212
1686.0,2.213
1687.0,2.191
1688.0,2.233
1689.0,2.213
1690.0,2.213
1691.0,2.234
1692.0,2.235
1693.0,1.457
1694.0,0.18
1695.0,7.743
1696.0,12.013
1697.0,5.511
1698.0,9.327
1699.0,11.918
1700.0,13.256
1701.0,13.346
1702.0,14.539
1703.0,15.051
1704.0,11.132
1705.0,11.053
1706.0,11.069
1707.0,27.781
1708.0,17.812
1709.0,31.883
1710.0,51.339
1711.0,32.725
1712.0,32.365
1713.0,32.518
1714.0,26.392
1715.0,14.438
1716.0,10.171
1717.0,13.507
1718.0,39.079
1719.0,33.368
1720.0,36.532
1721.0,58.836
1722.0,76.93
1723.0,45.925
1724.0,64.108
1725.0,55.73
1726.0,55.778
1727.0,48.834
1728.0,24.812
1729.0,2.188
1730.0,8.306
1731.0,23.335
1732.0,27.445
1733.0,14.742
1734.0,4.228
1735.0,5.429
1736.0,7.193
1737.0,17.728
1738.0,30.34
1739.0,30.244
1740.0,20.236
1741.0,37.257
1742.0,44.684
1743.0,41.164
1744.0,30.519
1745.0,17.879
1746.0,19.187
1747.0,22.756
1748.0,16.128
1749.0,16.013
1750.0,17.981
1751.0,21.575
1752.0,12.743
1753.0,14.689
1754.0,46.307
1755.0,50.831
1756.0,20.436
1757.0,17.759
1758.0,10.59
1759.0,13.942
1760.0,30.368
1761.0,58.044
1762.0,79.831
1763.0,68.502
1764.0,71.276
1765.0,60.529
1766.0,22.745
1767.0,30.521
1768.0,15.943
1769.0,5.439
1770.0,3.525
1771.0,9.654
1772.0,18.732
1773.0,38.61
1774.0,50.315
1775.0,55.626
1776.0,54.977
1777.0,3.598
1778.0,49.076
1779.0,26.524
1780.0,34.192
1781.0,44.77
1782.0,44.188
1783.0,41.457
1784.0,19.979
1785.0,11.514
1786.0,3.897
1787.0,3.399
1788.0,5.574
1789.0,26.925
1790.0,34.397
1791.0,25.183
1792.0,21.587
1793.0,64.254
1794.0,38.366
1795.0,61.5
1796.0,67.663
1797.0,54.688
1798.0,42.232
1799.0,39.908
1800.0,56.951
1801.0,54.775
1802.0,48.133
1803.0,21.683
1804.0,2.356
1805.0,11.29
1806.0,2.845
1807.0,2.479
1808.0,2.35
1809.0,22.455
1810.0,35.413
1811.0,29.664
1812.0,27.292
1813.0,31.152
1814.0,32.962
1815.0,27.511
1816.0,17.142
1817.0,20.186
1818.0,27.452
1819.0,26.678
1820.0,30.032
1821.0,27.196
1822.0,32.612
1823.0,18.496
1824.0,16.185
1825.0,27.376
1826.0,19.853
1827.0,35.947
1828.0,41.272
1829.0,73.518
1830.0,72.333
1831.0,54.289
1832.0,8.894
1833.0,4.275
1834.0,21.109
1835.0,57.601
1836.0,56.366
1837.0,35.584
1838.0,27.711
1839.0,30.755
1840.0,36.526
1841.0,46.445
1842.0,44.849
1843.0,62.694
1844.0,48.588
1845.0,28.81
1846.0,21.303
1847.0,29.263
1848.0,49.15
1849.0,39.886
1850.0,57.011
1851.0,30.128
1852.0,35.965
1853.0,39.907
1854.0,55.913
1855.0,36.523
1856.0,68.035
1857.0,57.546
1858.0,38.644
1859.0,40.704
1860.0,19.547
1861.0,16.175
1862.0,22.682
1863.0,16.388
1864.0,21.012
1865.0,32.037
1866.0,46.357
1867.0,59.89
1868.0,61.075
1869.0,60.932
1870.0,60.138
1871.0,41.846
1872.0,57.328
1873.0,37.825
1874.0,24.769
1875.0,62.382
1876.0,65.96
1877.0,37.371
1878.0,21.4
1879.0,28.093
1880.0,23.451
1881.0,31.948
1882.0,47.238
1883.0,69.344
1884.0,49.853
1885.0,42.619
1886.0,54.414
1887.0,48.325
1888.0,47.391
1889.0,27.187
1890.0,9.389
1891.0,23.927
1892.0,30.47
1893.0,40.842
1894.0,46.507
1895.0,53.541
1896.0,15.293
1897.0,52.476
1898.0,50.032
1899.0,39.67
1900.0,62.279
1901.0,55.401
1902.0,40.121
1903.0,23.771
1904.0,4.331
1905.0,7.608
1906.0,16.808
1907.0,43.99
1908.0,73.374
1909.0,76.263
1910.0,34.616
1911.0,25.784
1912.0,24.436
1913.0,21.999
1914.0,7.559
1915.0,26.12
1916.0,43.011
1917.0,36.013
1918.0,70.741
1919.0,27.387
1920.0,20.327
1921.0,31.409
1922.0,51.758
1923.0,59.694
1924.0,73.652
1925.0,49.958
1926.0,22.621
1927.0,18.1
1928.0,24.117
1929.0,11.793
1930.0,5.142
1931.0,17.131
1932.0,18.066
1933.0,21.573
1934.0,16.785
1935.0,38.71
1936.0,60.475
1937.0,65.045
1938.0,56.617
1939.0,44.093
1940.0,47.216
1941.0,42.06
1942.0,41.287
1943.0,35.494
1944.0,20.944
1945.0,30.487
1946.0,18.216
1947.0,44.545
1948.0,41.264
1949.0,27.795
1950.0,44.129
1951.0,19.297
1952.0,27.722
1953.0,37.247
1954.0,37.436
1955.0,72.958
1956.0,78.024
1957.0,48.438
1958.0,20.013
1959.0,22.363
1960.0,24.649
1961.0,35.447
1962.0,41.215
1963.0,51.149
1964.0,76.684
1965.0,78.756
1966.0,66.828
1967.0,53.814
1968.0,5.023
1969.0,9.482
1970.0,40.349
1971.0,40.971
1972.0,47.216
1973.0,41.771
1974.0,39.407
1975.0,53.223
1976.0,63.363
1977.0,65.917
1978.0,29.398
1979.0,38.727
1980.0,29.1
1981.0,21.929
1982.0,8.545
1983.0,8.573
1984.0,11.342
1985.0,16.043
1986.0,32.416
1987.0,12.875
1988.0,14.086
1989.0,25.235
1990.0,34.441
1991.0,33.9
1992.0,33.684
1993.0,50.021
1994.0,60.059
1995.0,50.773
1996.0,34.959
1997.0,25.612
1998.0,28.311
1999.0,42.077
2000.0,39.292
2001.0,31.709
2002.0,32.289
2003.0,28.894
2004.0,39.319
2005.0,45.045
2006.0,48.766
2007.0,46.01
2008.0,37.944
2009.0,14.169
2010.0,28.015
2011.0,59.874
2012.0,44.423
2013.0,46.519
2014.0,47.383
2015.0,43.586
2016.0,50.649
2017.0,38.277
2018.0,54.698
2019.0,51.285
2020.0,41.215
2021.0,37.526
2022.0,44.145
2023.0,46.543
2024.0,36.358
2025.0,19.695
2026.0,17.05
2027.0,11.895
2028.0,4.003
2029.0,8.346
2030.0,61.029
2031.0,33.494
2032.0,22.815
2033.0,11.791
2034.0,26.774
2035.0,53.236
2036.0,56.134
2037.0,76.812
2038.0,61.024
2039.0,60.185
2040.0,69.46
2041.0,70.458
2042.0,36.434
2043.0,54.864
2044.0,43.736
2045.0,34.469
2046.0,49.367
2047.0,40.24
2048.0,25.225
2049.0,36.058
2050.0,57.545
2051.0,71.429
2052.0,66.485
2053.0,48.189
2054.0,12.166
2055.0,22.675
2056.0,32.956
2057.0,30.626
2058.0,23.061
2059.0,22.081
2060.0,9.518
2061.0,9.442
2062.0,25.301
2063.0,27.094
2064.0,16.859
2065.0,27.851
2066.0,23.835
2067.0,22.924
2068.0,20.333
2069.0,48.125
2070.0,56.255
2071.0,53.525
2072.0,46.276
2073.0,57.158
2074.0,47.51
2075.0,31.113
2076.0,18.901
2077.0,15.448
2078.0,36.439
2079.0,38.659
2080.0,37.327
2081.0,37.126
2082.0,41.709
2083.0,39.395
2084.0,46.046
2085.0,38.636
2086.0,44.222
2087.0,36.696
2088.0,20.305
2089.0,8.09
2090.0,12.723
2091.0,37.051
2092.0,38.751
2093.0,17.146
2094.0,13.034
2095.0,15.217
2096.0,12.44
2097.0,23.482
2098.0,40.08
2099.0,69.153
2100.0,70.88
2101.0,44.526
2102.0,19.357
2103.0,21.705
2104.0,37.157
2105.0,37.468
2106.0,46.714
2107.0,48.097
2108.0,41.573
2109.0,29.805
2110.0,67.94
2111.0,71.806
2112.0,48.721
2113.0,30.123
2114.0,35.601
2115.0,40.03
2116.0,45.899
2117.0,44.179
2118.0,37.184
2119.0,34.183
2120.0,39.941
2121.0,50.496
2122.0,52.541
2123.0,62.274
2124.0,50.263
2125.0,29.605
2126.0,25.284
2127.0,49.04
2128.0,67.045
2129.0,45.537
2130.0,46.716
2131.0,42.657
2132.0,19.591
2133.0,11.591
2134.0,22.505
2135.0,28.694
2136.0,38.699
2137.0,30.201
2138.0,38.796
2139.0,53.123
2140.0,45.81
2141.0,30.785
2142.0,28.974
2143.0,43.934
2144.0,32.253
2145.0,19.67
2146.0,20.74
2147.0,23.36
2148.0,29.548
2149.0,11.05
2150.0,20.212
2151.0,36.662
2152.0,39.694
2153.0,22.996
2154.0,35.482
2155.0,43.011
2156.0,53.523
2157.0,49.251
2158.0,80.541
2159.0,59.293
2160.0,59.03
2161.0,42.992
2162.0,30.445
2163.0,20.443
2164.0,23.611
2165.0,15.862
2166.0,23.935
2167.0,19.641
2168.0,36.373
2169.0,34.574
2170.0,32.275
2171.0,37.323
2172.0,45.299
2173.0,33.298
2174.0,31.886
2175.0,44.161
2176.0,58.713
2177.0,61.775
2178.0,52.564
2179.0,59.899
2180.0,34.643
2181.0,18.878
2182.0,42.283
2183.0,34.433
2184.0,56.438
2185.0,70.42
2186.0,69.219
2187.0,26.92
2188.0,34.817
2189.0,27.032
2190.0,58.421
2191.0,66.892
2192.0,46.884
2193.0,16.513
2194.0,39.861
2195.0,50.953
2196.0,44.666
2197.0,33.978
2198.0,36.01
2199.0,58.826
2200.0,35.809
2201.0,7.234
2202.0,3.21
2203.0,5.708
2204.0,20.23
2205.0,38.793
2206.0,58.335
2207.0,48.484
2208.0,34.229
2209.0,37.051
2210.0,27.21
2211.0,17.21
2212.0,11.627
2213.0,27.41
2214.0,44.234
2215.0,48.055
2216.0,54.11
2217.0,59.451
2218.0,48.226
2219.0,50.052
2220.0,27.086
2221.0,17.511
2222.0,64.041
2223.0,67.105
2224.0,52.808
2225.0,52.391
2226.0,37.317
2227.0,42.387
2228.0,41.303
2229.0,33.573
2230.0,57.299
2231.0,61.981
2232.0,64.658
2233.0,76.756
2234.0,77.803
2235.0,79.187
2236.0,80.423
2237.0,80.071
2238.0,78.778
2239.0,76.171
2240.0,74.695
2241.0,75.61
2242.0,77.412
2243.0,75.507
2244.0,72.725
2245.0,60.432
2246.0,29.024
2247.0,38.764
2248.0,75.764
2249.0,59.692
2250.0,80.493
2251.0,71.543
2252.0,43.931
2253.0,49.19
2254.0,12.761
2255.0,9.078
2256.0,9.112
2257.0,22.821
2258.0,50.242
2259.0,33.745
2260.0,21.154
2261.0,39.191
2262.0,29.58
2263.0,45.704
2264.0,55.35
2265.0,69.657
2266.0,81.485
2267.0,32.48
2268.0,31.02
2269.0,25.779
2270.0,48.9
2271.0,28.066
2272.0,42.8
2273.0,41.255
2274.0,38.238
2275.0,9.781
2276.0,17.509
2277.0,27.0
2278.0,45.643
2279.0,69.506
2280.0,57.726
2281.0,15.729
2282.0,64.425
2283.0,68.459
2284.0,42.546
2285.0,27.381
2286.0,16.828
2287.0,20.956
2288.0,16.889
2289.0,21.229
2290.0,22.622
2291.0,12.948
2292.0,2.836
2293.0,3.585
2294.0,3.376
2295.0,3.911
2296.0,15.908
2297.0,21.175
2298.0,19.37
2299.0,23.409
2300.0,25.291
2301.0,47.185
2302.0,29.249
2303.0,26.741
2304.0,53.007
2305.0,75.502
2306.0,74.811
2307.0,72.96
2308.0,33.096
2309.0,18.581
2310.0,28.791
2311.0,39.381
2312.0,39.607
2313.0,42.971
2314.0,24.901
2315.0,23.189
2316.0,67.806
2317.0,64.298
2318.0,47.699
2319.0,50.505
2320.0,57.014
2321.0,61.573
2322.0,78.68
2323.0,71.604
2324.0,59.073
2325.0,29.072
2326.0,16.166
2327.0,18.031
2328.0,18.576
2329.0,26.841
2330.0,25.929
2331.0,26.198
2332.0,17.054
2333.0,23.971
2334.0,12.179
2335.0,7.422
2336.0,75.604
2337.0,78.58
2338.0,79.216
2339.0,75.053
2340.0,73.73
2341.0,75.089
2342.0,63.218
2343.0,52.113
2344.0,64.721
2345.0,65.158
2346.0,24.869
2347.0,15.152
2348.0,51.638
2349.0,50.042
2350.0,32.253
2351.0,38.061
2352.0,47.424
2353.0,71.053
2354.0,50.011
2355.0,64.075
2356.0,16.453
2357.0,34.486
2358.0,62.379
2359.0,33.019
2360.0,30.325
2361.0,31.946
2362.0,9.345
2363.0,18.138
2364.0,30.105
2365.0,26.791
2366.0,20.16
2367.0,25.011
2368.0,56.429
2369.0,48.797
2370.0,28.947
2371.0,26.961
2372.0,40.181
2373.0,40.284
2374.0,19.883
2375.0,24.624
2376.0,21.543
2377.0,19.027
2378.0,24.299
2379.0,43.242
2380.0,36.43
2381.0,41.859
2382.0,45.939
2383.0,36.495
2384.0,24.509
2385.0,38.076
2386.0,48.096
2387.0,41.214
2388.0,41.16
2389.0,48.181
2390.0,35.054
2391.0,45.072
2392.0,10.772
2393.0,30.526
2394.0,35.365
2395.0,39.285
2396.0,33.292
2397.0,34.1
2398.0,35.498
2399.0,35.396
2400.0,21.493
2401.0,25.026
2402.0,17.202
2403.0,36.201
2404.0,29.268
2405.0,43.356
2406.0,43.992
2407.0,56.698
2408.0,48.136
2409.0,41.715
2410.0,30.769
2411.0,21.342
2412.0,6.438
2413.0,9.397
2414.0,21.067
2415.0,22.733
2416.0,20.573
2417.0,21.98
2418.0,27.784
2419.0,3.356
2420.0,35.399
2421.0,66.289
2422.0,47.325
2423.0,42.126
2424.0,28.969
2425.0,20.259
2426.0,22.134
2427.0,17.75
2428.0,23.113
2429.0,27.351
2430.0,30.992
2431.0,44.245
2432.0,55.006
2433.0,30.08
2434.0,39.916
2435.0,40.104
2436.0,34.903
2437.0,21.067
2438.0,25.911
2439.0,25.507
2440.0,20.472
2441.0,16.958
2442.0,35.69
2443.0,33.243
2444.0,18.757
2445.0,21.279
2446.0,16.688
2447.0,43.474
2448.0,60.786
2449.0,80.287
2450.0,74.011
2451.0,77.705
2452.0,75.774
2453.0,52.072
2454.0,34.874
2455.0,53.862
2456.0,46.928
2457.0,21.6
2458.0,38.559
2459.0,53.242
2460.0,45.445
2461.0,23.597
2462.0,20.347
2463.0,22.329
2464.0,33.474
2465.0,39.802
2466.0,30.441
2467.0,32.301
2468.0,61.406
2469.0,61.345
2470.0,59.358
2471.0,66.114
2472.0,21.57
2473.0,2.168
2474.0,2.168
2475.0,2.168
2476.0,2.167
2477.0,2.188
2478.0,2.168
2479.0,2.188
2480.0,4.545
2481.0,17.965
2482.0,8.865
2483.0,3.383
2484.0,4.238
2485.0,18.236
2486.0,32.019
2487.0,54.71
2488.0,40.298
2489.0,39.215
2490.0,39.849
2491.0,32.075
2492.0,29.189
2493.0,19.664
2494.0,15.767
2495.0,19.224
2496.0,17.137
2497.0,13.335
2498.0,16.464
2499.0,18.858
2500.0,19.719
2501.0,16.168
2502.0,5.501
2503.0,15.688
2504.0,14.379
2505.0,12.971
2506.0,17.015
2507.0,19.104
2508.0,40.29
2509.0,74.284
2510.0,74.968
2511.0,77.084
2512.0,80.433
2513.0,75.67
2514.0,75.263
2515.0,79.173
2516.0,79.689
2517.0,78.44
2518.0,79.119
2519.0,73.075
2520.0,73.424
2521.0,76.522
2522.0,76.641
2523.0,33.755
2524.0,69.119
2525.0,76.463
2526.0,79.781
2527.0,79.966
2528.0,74.989
2529.0,77.712
2530.0,64.973
2531.0,33.682
2532.0,15.539
2533.0,4.006
2534.0,21.692
2535.0,43.567
2536.0,39.907
2537.0,38.769
2538.0,29.336
2539.0,23.486
2540.0,37.707
2541.0,35.562
2542.0,41.883
2543.0,53.353
2544.0,51.047
2545.0,40.219
2546.0,38.193
2547.0,35.377
2548.0,51.539
2549.0,29.848
2550.0,29.121
2551.0,19.774
2552.0,7.004
2553.0,3.815
2554.0,3.559
2555.0,12.784
2556.0,29.008
2557.0,38.759
2558.0,40.49
2559.0,49.18
2560.0,47.904
2561.0,45.623
2562.0,50.0
2563.0,58.905
2564.0,39.36
2565.0,22.358
2566.0,62.218
2567.0,81.421
2568.0,76.761
2569.0,75.651
2570.0,61.15
2571.0,29.882
2572.0,49.664
2573.0,75.3
2574.0,51.821
2575.0,20.76
2576.0,31.261
2577.0,44.908
2578.0,22.971
2579.0,10.772
2580.0,5.841
2581.0,23.417
2582.0,22.25
2583.0,21.504
2584.0,43.238
2585.0,60.063
2586.0,61.307
2587.0,67.321
2588.0,63.844
2589.0,67.778
2590.0,75.311
2591.0,66.265
2592.0,28.443
2593.0,5.627
2594.0,2.146
2595.0,4.003
2596.0,3.579
2597.0,14.728
2598.0,38.624
2599.0,47.793
2600.0,46.386
2601.0,44.302
2602.0,68.88
2603.0,61.956
2604.0,47.851
2605.0,60.059
2606.0,62.55
2607.0,37.046
2608.0,22.877
2609.0,18.732
2610.0,22.112
2611.0,44.778
2612.0,29.307
2613.0,17.658
2614.0,38.253
2615.0,60.334
2616.0,20.11
2617.0,23.924
2618.0,19.557
2619.0,32.831
2620.0,28.194
2621.0,70.917
2622.0,48.713
2623.0,48.583
2624.0,73.39
2625.0,75.205
2626.0,76.406
2627.0,54.641
2628.0,70.411
2629.0,69.966
2630.0,63.934
2631.0,3.641
2632.0,10.0
2633.0,20.76
2634.0,48.451
2635.0,54.019
2636.0,78.277
2637.0,71.644
2638.0,27.071
2639.0,26.289
2640.0,27.813
2641.0,26.812
2642.0,26.117
2643.0,18.843
2644.0,43.666
2645.0,27.575
2646.0,30.383
2647.0,38.237
2648.0,40.663
2649.0,35.276
2650.0,35.547
2651.0,42.05
2652.0,49.905
2653.0,31.393
2654.0,18.191
2655.0,14.474
2656.0,27.606
2657.0,39.062
2658.0,42.794
2659.0,57.262
2660.0,44.056
2661.0,27.06
2662.0,7.173
2663.0,17.538
2664.0,34.594
2665.0,48.544
2666.0,34.336
2667.0,36.578
2668.0,39.571
2669.0,43.559
2670.0,72.622
2671.0,76.445
2672.0,75.021
2673.0,51.138
2674.0,69.124
2675.0,60.329
2676.0,21.667
2677.0,27.817
2678.0,17.087
2679.0,30.091
2680.0,65.867
2681.0,64.651
2682.0,72.289
2683.0,68.602
2684.0,72.791
2685.0,77.382
2686.0,61.605
2687.0,63.426
2688.0,69.922
2689.0,60.778
2690.0,25.882
2691.0,28.275
2692.0,53.129
2693.0,46.577
2694.0,15.818
2695.0,7.815
2696.0,22.381
2697.0,27.029
2698.0,18.373
2699.0,21.403
2700.0,41.672
2701.0,46.637
2702.0,21.074
2703.0,31.147
2704.0,39.081
2705.0,50.841
2706.0,49.389
2707.0,49.193
2708.0,28.285
2709.0,20.309
2710.0,10.19
2711.0,2.961
2712.0,10.967
2713.0,30.581
2714.0,16.391
2715.0,17.329
2716.0,11.947
2717.0,19.718
2718.0,30.412
2719.0,26.056
2720.0,49.244
2721.0,70.113
2722.0,39.857
2723.0,31.368
2724.0,41.681
2725.0,38.745
2726.0,26.467
2727.0,34.462
2728.0,38.832
2729.0,37.526
2730.0,21.149
2731.0,18.125
2732.0,21.224
2733.0,26.8
2734.0,36.844
2735.0,40.37
2736.0,34.901
2737.0,52.745
2738.0,42.337
2739.0,26.798
2740.0,18.981
2741.0,6.524
2742.0,20.021
2743.0,18.233
2744.0,16.653
2745.0,22.968
2746.0,39.481
2747.0,42.665
2748.0,44.349
2749.0,23.227
2750.0,28.845
2751.0,38.59
2752.0,33.493
2753.0,32.495
2754.0,38.683
2755.0,57.251
2756.0,61.987
2757.0,43.416
2758.0,28.779
2759.0,32.218
2760.0,39.288
2761.0,48.761
2762.0,47.139
2763.0,30.552
2764.0,16.061
2765.0,2.605
2766.0,3.689
2767.0,3.565
2768.0,12.887
2769.0,40.653
2770.0,46.877
2771.0,38.46
2772.0,20.438
2773.0,36.538
2774.0,52.067
2775.0,65.255
2776.0,68.984
2777.0,54.019
2778.0,64.281
2779.0,73.958
2780.0,82.294
2781.0,73.709
2782.0,62.172
2783.0,36.511
2784.0,40.653
2785.0,44.697
2786.0,45.915
2787.0,41.084
2788.0,40.749
2789.0,26.845
2790.0,29.559
2791.0,37.325
2792.0,48.164
2793.0,48.003
2794.0,43.004
2795.0,31.331
2796.0,36.784
2797.0,43.673
2798.0,24.921
2799.0,38.597
2800.0,48.131
2801.0,43.909
2802.0,19.278
2803.0,21.621
2804.0,20.609
2805.0,42.683
2806.0,57.682
2807.0,52.086
2808.0,70.108
2809.0,52.998
2810.0,44.824
2811.0,47.876
2812.0,12.615
2813.0,14.136
2814.0,21.048
2815.0,18.062
2816.0,17.111
2817.0,31.941
2818.0,35.445
2819.0,32.66
2820.0,21.661
2821.0,17.433
2822.0,23.717
2823.0,20.714
2824.0,10.055
2825.0,4.827
2826.0,25.692
2827.0,13.045
2828.0,9.883
2829.0,10.926
2830.0,8.372
2831.0,15.173
2832.0,23.072
2833.0,69.253
2834.0,74.213
2835.0,78.783
2836.0,74.916
2837.0,76.518
2838.0,80.025
2839.0,76.894
2840.0,75.524
2841.0,68.662
2842.0,54.163
2843.0,6.316
2844.0,24.719
2845.0,40.457
2846.0,34.979
2847.0,43.566
2848.0,53.394
2849.0,52.191
2850.0,38.54
2851.0,4.627
2852.0,5.708
2853.0,13.182
2854.0,26.13
2855.0,22.052
2856.0,39.272
2857.0,43.581
2858.0,54.269
2859.0,60.367
2860.0,44.496
2861.0,76.866
2862.0,80.347
2863.0,82.637
2864.0,73.464
2865.0,77.204
2866.0,46.764
2867.0,27.179
2868.0,67.434
2869.0,50.88
2870.0,24.545
2871.0,40.008
2872.0,53.762
2873.0,45.242
2874.0,44.123
2875.0,38.991
2876.0,16.653
2877.0,31.521
2878.0,25.909
2879.0,19.946
2880.0,17.986
2881.0,10.981
2882.0,2.459
2883.0,3.855
2884.0,3.481
2885.0,4.111
2886.0,4.764
2887.0,32.237
2888.0,32.998
2889.0,29.818
2890.0,30.724
2891.0,38.758
2892.0,51.24
2893.0,45.194
2894.0,77.042
2895.0,77.494
2896.0,77.924
2897.0,73.009
2898.0,73.29
2899.0,73.556
2900.0,70.389
2901.0,59.941
2902.0,39.794
2903.0,41.332
2904.0,59.167
2905.0,45.643
2906.0,31.406
2907.0,27.976
2908.0,66.968
2909.0,34.146
2910.0,16.613
2911.0,14.917
2912.0,25.021
2913.0,39.102
2914.0,44.026
2915.0,25.813
2916.0,13.208
2917.0,12.901
2918.0,11.739
2919.0,9.541
2920.0,7.992
2921.0,13.846
2922.0,24.911
2923.0,31.073
2924.0,32.895
2925.0,27.899
2926.0,26.491
2927.0,25.334
2928.0,30.678
2929.0,39.195
2930.0,44.856
2931.0,35.934
2932.0,34.852
2933.0,22.809
2934.0,42.606
2935.0,53.445
2936.0,58.542
2937.0,57.191
2938.0,58.21
2939.0,49.99
2940.0,44.868
2941.0,51.348
2942.0,66.003
2943.0,43.893
2944.0,43.334
2945.0,48.087
2946.0,52.146
2947.0,32.797
2948.0,23.707
2949.0,29.645
2950.0,47.189
2951.0,61.832
2952.0,27.21
2953.0,29.419
2954.0,38.756
2955.0,43.134
2956.0,48.599
2957.0,47.844
2958.0,54.442
2959.0,28.327
2960.0,5.273
2961.0,27.228
2962.0,47.237
2963.0,46.463
2964.0,59.057
2965.0,66.841
2966.0,54.288
2967.0,17.611
2968.0,9.599
2969.0,41.761
2970.0,72.163
2971.0,63.644
2972.0,51.14
2973.0,59.445
2974.0,57.848
2975.0,51.879
2976.0,28.237
2977.0,38.612
2978.0,18.096
2979.0,6.147
2980.0,6.945
2981.0,11.053
2982.0,13.859
2983.0,10.989
2984.0,28.731
2985.0,34.734
2986.0,32.296
2987.0,36.984
2988.0,52.494
2989.0,75.931
2990.0,73.902
2991.0,72.032
2992.0,51.11
2993.0,35.3
2994.0,38.676
2995.0,36.312
2996.0,34.377
2997.0,39.247
2998.0,34.874
2999.0,23.862
3000.0,16.863
3001.0,38.808
3002.0,50.137
3003.0,71.323
3004.0,82.581
3005.0,49.979
3006.0,23.401
3007.0,37.303
3008.0,73.226
3009.0,75.593
3010.0,71.294
3011.0,51.072
3012.0,66.856
3013.0,63.56
3014.0,41.899
3015.0,38.189
3016.0,33.403
3017.0,46.456
3018.0,43.508
3019.0,63.287
3020.0,57.43
3021.0,11.756
3022.0,3.65
3023.0,11.352
3024.0,19.662
3025.0,20.621
3026.0,19.361
3027.0,27.956
3028.0,64.358
3029.0,50.283
3030.0,52.695
3031.0,55.127
3032.0,46.411
3033.0,49.032
3034.0,66.99
3035.0,65.634
3036.0,23.724
3037.0,10.701
3038.0,26.885
3039.0,52.876
3040.0,50.314
3041.0,50.692
3042.0,39.932
3043.0,39.552
3044.0,23.221
3045.0,18.174
3046.0,21.056
3047.0,24.374
3048.0,15.377
3049.0,37.403
3050.0,36.343
3051.0,32.447
3052.0,41.523
3053.0,56.861
3054.0,55.869
3055.0,47.175
3056.0,48.732
3057.0,39.264
3058.0,52.475
3059.0,9.591
3060.0,70.934
3061.0,80.498
3062.0,63.852
3063.0,57.356
3064.0,27.624
3065.0,64.575
3066.0,58.216
3067.0,54.035
3068.0,36.72
3069.0,19.916
3070.0,3.698
3071.0,15.614
3072.0,23.867
3073.0,40.84
3074.0,40.389
3075.0,55.911
3076.0,44.9
3077.0,34.092
3078.0,42.519
3079.0,31.179
3080.0,5.273
3081.0,3.543
3082.0,3.949
3083.0,10.162
3084.0,30.898
3085.0,34.347
3086.0,42.612
3087.0,34.652
3088.0,61.973
3089.0,37.798
3090.0,32.838
3091.0,13.52
3092.0,15.314
3093.0,21.384
3094.0,21.682
3095.0,42.384
3096.0,32.566
3097.0,20.952
3098.0,24.43
3099.0,23.788
3100.0,15.977
3101.0,2.32
3102.0,12.975
3103.0,25.491
3104.0,26.564
3105.0,14.059
3106.0,26.505
3107.0,29.463
3108.0,24.948
3109.0,21.697
3110.0,38.733
3111.0,42.567
3112.0,24.375
3113.0,33.215
3114.0,24.635
3115.0,30.552
3116.0,26.526
3117.0,30.769
3118.0,58.763
3119.0,39.015
3120.0,56.894
3121.0,56.661
3122.0,58.412
3123.0,48.658
3124.0,31.264
3125.0,68.183
3126.0,82.364
3127.0,68.02
3128.0,59.583
3129.0,59.937
3130.0,39.549
3131.0,37.837
3132.0,30.347
3133.0,25.612
3134.0,22.315
3135.0,22.913
3136.0,10.526
3137.0,16.78
3138.0,27.481
3139.0,29.902
3140.0,31.176
3141.0,28.115
3142.0,27.277
3143.0,29.202
3144.0,20.724
3145.0,32.693
3146.0,25.251
3147.0,21.981
3148.0,17.134
3149.0,25.588
3150.0,32.395
3151.0,32.1
3152.0,33.023
3153.0,44.209
3154.0,53.901
3155.0,2.662
3156.0,2.329
3157.0,51.559
3158.0,82.069
3159.0,80.753
3160.0,79.487
3161.0,57.23
3162.0,74.159
3163.0,69.471
3164.0,74.279
3165.0,73.85
3166.0,22.584
3167.0,30.845
3168.0,9.91
3169.0,16.837
3170.0,36.282
3171.0,41.464
3172.0,26.049
3173.0,33.2
3174.0,46.876
3175.0,58.475
3176.0,59.416
3177.0,13.257
3178.0,52.589
3179.0,37.302
3180.0,41.841
3181.0,45.927
3182.0,28.0
3183.0,41.083
3184.0,53.643
3185.0,51.435
3186.0,41.111
3187.0,44.702
3188.0,29.379
3189.0,62.659
3190.0,66.799
3191.0,31.22
3192.0,55.958
3193.0,59.363
3194.0,49.645
3195.0,51.208
3196.0,71.053
3197.0,40.326
3198.0,22.488
3199.0,14.271
3200.0,15.687
3201.0,26.734
3202.0,66.975
3203.0,51.931
3204.0,47.397
3205.0,38.861
3206.0,49.153
3207.0,46.033
3208.0,28.103
3209.0,44.582
3210.0,33.215
3211.0,45.953
3212.0,32.985
3213.0,18.785
3214.0,7.118
3215.0,4.274
3216.0,17.6
3217.0,26.186
3218.0,28.816
3219.0,26.306
3220.0,24.17
3221.0,23.9
3222.0,39.694
3223.0,51.544
3224.0,72.576
3225.0,81.69
3226.0,78.919
3227.0,81.346
3228.0,64.831
3229.0,19.339
3230.0,74.367
3231.0,74.869
3232.0,44.041
3233.0,63.385
3234.0,67.999
3235.0,57.632
3236.0,27.585
3237.0,13.707
3238.0,9.926
3239.0,22.601
3240.0,24.42
3241.0,30.046
3242.0,39.066
3243.0,45.224
3244.0,38.257
3245.0,45.788
3246.0,43.486
3247.0,30.644
3248.0,17.128
3249.0,29.944
3250.0,23.161
3251.0,19.302
3252.0,15.393
3253.0,19.945
3254.0,21.545
3255.0,30.115
3256.0,17.161
3257.0,20.605
3258.0,24.718
3259.0,20.999
3260.0,18.372
3261.0,54.033
3262.0,52.727
3263.0,37.094
3264.0,21.723
3265.0,23.598
3266.0,26.047
3267.0,38.291
3268.0,52.675
3269.0,44.475
3270.0,53.395
3271.0,19.858
3272.0,16.691
3273.0,5.5
3274.0,10.263
3275.0,3.523
3276.0,3.955
3277.0,19.529
3278.0,27.793
3279.0,26.348
3280.0,33.221
3281.0,36.28
3282.0,35.01
3283.0,31.854
3284.0,30.32
3285.0,25.653
3286.0,17.192
3287.0,17.331
3288.0,20.251
3289.0,21.438
3290.0,5.181
3291.0,4.007
3292.0,25.149
3293.0,30.408
3294.0,64.242
3295.0,69.349
3296.0,45.147
3297.0,27.05
3298.0,49.336
3299.0,59.962
3300.0,74.711
3301.0,56.863
3302.0,73.963
3303.0,76.3
3304.0,71.065
3305.0,70.158
3306.0,26.276
3307.0,41.24
3308.0,31.105
3309.0,41.116
3310.0,36.914
3311.0,34.149
3312.0,39.556
3313.0,12.248
3314.0,33.081
3315.0,29.148
3316.0,20.589
3317.0,19.545
3318.0,13.359
3319.0,33.277
3320.0,46.223
3321.0,56.588
3322.0,50.115
3323.0,31.877
3324.0,42.374
3325.0,50.831
3326.0,43.428
3327.0,24.301
3328.0,17.077
3329.0,12.558
3330.0,44.702
3331.0,42.46
3332.0,53.206
3333.0,66.105
3334.0,61.43
3335.0,62.484
3336.0,47.086
3337.0,33.319
3338.0,26.748
3339.0,45.2
3340.0,45.476
3341.0,27.601
3342.0,39.82
3343.0,53.101
3344.0,45.644
3345.0,37.817
3346.0,8.028
3347.0,4.597
3348.0,23.58
3349.0,34.102
3350.0,25.752
3351.0,56.409
3352.0,46.864
3353.0,27.368
3354.0,43.425
3355.0,56.681
3356.0,42.476
3357.0,73.939
3358.0,67.086
3359.0,43.919
3360.0,45.995
3361.0,58.574
3362.0,70.322
3363.0,74.468
3364.0,76.369
3365.0,66.639
3366.0,19.231
3367.0,3.939
3368.0,15.057
3369.0,24.313
3370.0,37.849
3371.0,47.242
3372.0,29.105
3373.0,20.68
3374.0,19.148
3375.0,18.647
3376.0,34.033
3377.0,34.012
3378.0,49.632
3379.0,29.378
3380.0,15.27
3381.0,22.178
3382.0,35.262
3383.0,46.655
3384.0,69.348
3385.0,45.268
3386.0,18.768
3387.0,13.294
3388.0,12.445
3389.0,20.098
3390.0,14.681
3391.0,19.574
3392.0,23.069
3393.0,18.086
3394.0,7.927
3395.0,8.262
3396.0,15.611
3397.0,20.787
3398.0,15.233
3399.0,15.53
3400.0,20.536
3401.0,56.937
3402.0,52.398
3403.0,51.343
3404.0,76.072
3405.0,75.558
3406.0,79.649
3407.0,77.568
3408.0,72.429
3409.0,71.946
3410.0,73.13
3411.0,72.704
3412.0,50.527
3413.0,65.493
3414.0,80.017
3415.0,54.981
3416.0,26.374
3417.0,79.21
3418.0,76.217
3419.0,65.339
3420.0,36.198
3421.0,22.876
3422.0,31.571
3423.0,50.943
3424.0,45.985
3425.0,48.093
3426.0,49.644
3427.0,53.638
3428.0,79.021
3429.0,66.079
3430.0,48.509
3431.0,29.012
3432.0,12.874
3433.0,17.897
3434.0,21.478
3435.0,23.022
3436.0,16.684
3437.0,22.991
3438.0,17.313
3439.0,18.339
3440.0,16.337
3441.0,23.012
3442.0,66.842
3443.0,47.632
3444.0,32.331
3445.0,28.137
3446.0,17.296
3447.0,13.176
3448.0,14.442
3449.0,49.098
3450.0,73.211
3451.0,73.689
3452.0,49.378
3453.0,17.45
3454.0,30.957
3455.0,36.897
3456.0,31.273
3457.0,20.148
3458.0,34.219
3459.0,68.806
3460.0,73.524
3461.0,54.899
3462.0,65.905
3463.0,53.738
3464.0,34.561
3465.0,33.417
3466.0,32.317
3467.0,70.386
3468.0,8.349
3469.0,70.122
3470.0,75.079
3471.0,80.62
3472.0,82.297
3473.0,74.843
3474.0,48.211
3475.0,35.418
3476.0,45.922
3477.0,53.045
3478.0,32.678
3479.0,30.119
3480.0,28.91
3481.0,58.689
3482.0,52.745
3483.0,30.496
3484.0,41.796
3485.0,48.271
3486.0,33.668
3487.0,35.175
3488.0,29.553
3489.0,15.783
3490.0,5.587
3491.0,5.046
3492.0,6.835
3493.0,7.362
3494.0,8.342
3495.0,21.072
3496.0,37.344
3497.0,40.139
3498.0,49.232
3499.0,47.343
3500.0,30.872
3501.0,44.828
3502.0,61.084
3503.0,63.951
3504.0,56.343
3505.0,50.586
3506.0,57.23
3507.0,40.167
3508.0,36.139
3509.0,36.199
3510.0,21.116
3511.0,56.808
3512.0,57.4
3513.0,27.933
3514.0,30.61
3515.0,30.466
3516.0,28.127
3517.0,33.628
3518.0,47.229
3519.0,55.027
3520.0,55.791
3521.0,25.037
3522.0,78.151
3523.0,84.834
3524.0,84.165
3525.0,83.813
3526.0,78.577
3527.0,74.05
3528.0,65.206
3529.0,38.766
3530.0,59.928
3531.0,39.686
3532.0,35.005
3533.0,44.607
3534.0,49.306
3535.0,49.341
3536.0,42.041
3537.0,56.674
3538.0,53.679
3539.0,62.397
3540.0,39.656
3541.0,70.545
3542.0,76.045
3543.0,50.168
3544.0,20.397
3545.0,23.318
3546.0,26.888
3547.0,45.063
3548.0,23.707
3549.0,29.402
3550.0,31.76
3551.0,49.025
3552.0,42.612
3553.0,29.493
3554.0,50.618
3555.0,46.125
3556.0,54.444
3557.0,67.948
3558.0,78.216
3559.0,81.109
3560.0,80.594
3561.0,74.567
3562.0,42.014
3563.0,34.005
3564.0,58.438
3565.0,67.453
3566.0,24.744
3567.0,3.481
3568.0,19.294
3569.0,43.783
3570.0,68.3
3571.0,47.056
3572.0,25.306
3573.0,35.677
3574.0,26.463
3575.0,19.027
3576.0,24.734
3577.0,4.258
3578.0,28.203
3579.0,24.476
3580.0,24.158
3581.0,30.248
3582.0,19.912
3583.0,4.798
3584.0,16.948
3585.0,22.535
3586.0,13.275
3587.0,13.953
3588.0,46.364
3589.0,45.074
3590.0,15.91
3591.0,19.764
3592.0,27.538
3593.0,14.116
3594.0,5.139
3595.0,9.302
3596.0,15.137
3597.0,15.808
3598.0,16.154
3599.0,20.867
3600.0,21.586
3601.0,50.199
3602.0,73.741
3603.0,72.83
3604.0,74.136
3605.0,47.578
3606.0,67.898
3607.0,82.381
3608.0,44.662
3609.0,26.605
3610.0,41.071
3611.0,34.979
3612.0,32.961
3613.0,44.486
3614.0,41.098
3615.0,30.01
3616.0,5.325
3617.0,3.16
3618.0,12.426
3619.0,26.137
3620.0,22.702
3621.0,16.527
3622.0,17.256
3623.0,19.283
3624.0,20.671
3625.0,21.804
3626.0,19.841
3627.0,18.14
3628.0,13.93
3629.0,22.259
3630.0,22.054
3631.0,23.466
3632.0,22.659
3633.0,21.787
3634.0,22.297
3635.0,34.286
3636.0,15.259
3637.0,17.079
3638.0,24.355
3639.0,18.643
3640.0,16.948
3641.0,17.825
3642.0,17.968
3643.0,18.597
3644.0,25.321
3645.0,34.011
3646.0,59.992
3647.0,64.787
3648.0,54.41
3649.0,71.107
3650.0,73.38
3651.0,37.117
3652.0,20.343
3653.0,45.192
3654.0,61.796
3655.0,56.911
3656.0,72.478
3657.0,70.455
3658.0,77.136
3659.0,76.845
3660.0,72.879
3661.0,78.376
3662.0,82.009
3663.0,79.76
3664.0,74.122
3665.0,76.474
3666.0,75.084
3667.0,74.958
3668.0,82.896
3669.0,79.95
3670.0,78.251
3671.0,75.526
3672.0,79.371
3673.0,77.507
3674.0,78.876
3675.0,70.268
3676.0,75.444
3677.0,74.247
3678.0,85.747
3679.0,69.851
3680.0,76.516
3681.0,73.834
3682.0,81.907
3683.0,85.103
3684.0,75.389
3685.0,67.291
3686.0,40.864
3687.0,35.832
3688.0,32.957
3689.0,19.716
3690.0,12.953
3691.0,10.542
3692.0,19.433
3693.0,27.242
3694.0,46.268
3695.0,52.306
3696.0,31.375
3697.0,39.762
3698.0,49.258
3699.0,45.023
3700.0,6.587
3701.0,17.336
3702.0,35.097
3703.0,25.934
3704.0,14.489
3705.0,19.628
3706.0,19.908
3707.0,14.643
3708.0,26.77
3709.0,19.394
3710.0,40.192
3711.0,51.507
3712.0,34.316
3713.0,28.174
3714.0,20.684
3715.0,9.545
3716.0,0.085
3717.0,1.8
3718.0,1.917
3719.0,2.063
3720.0,2.168
3721.0,2.528
3722.0,4.55
3723.0,7.974
3724.0,12.896
3725.0,45.139
3726.0,22.255
3727.0,11.359
3728.0,4.592
3729.0,4.855
3730.0,10.636
3731.0,12.279
3732.0,29.434
3733.0,38.659
3734.0,26.968
3735.0,27.261
3736.0,35.576
3737.0,32.507
3738.0,32.173
3739.0,22.906
3740.0,13.94
3741.0,4.353
3742.0,2.297
3743.0,1.042
3744.0,0.149
3745.0,0.127
3746.0,0.106
3747.0,0.106
3748.0,0.127
3749.0,7.331
3750.0,3.689
3751.0,4.474
3752.0,9.012
3753.0,19.966
3754.0,26.82
3755.0,18.739
3756.0,16.195
3757.0,24.686
3758.0,9.421
3759.0,30.295
3760.0,23.299
3761.0,12.983
3762.0,4.418
3763.0,2.981
3764.0,4.003
3765.0,13.132
3766.0,17.829
3767.0,21.706
3768.0,19.816
3769.0,24.734
3770.0,22.051
3771.0,42.46
3772.0,43.577
3773.0,57.535
3774.0,77.217
3775.0,65.822
3776.0,42.583
3777.0,39.134
3778.0,39.242
3779.0,31.356
3780.0,16.852
3781.0,13.987
3782.0,19.144
3783.0,26.876
3784.0,29.634
3785.0,45.044
3786.0,22.962
3787.0,36.945
3788.0,50.335
3789.0,60.898
3790.0,66.729
3791.0,58.483
3792.0,37.72
3793.0,49.352
3794.0,31.768
3795.0,28.914
3796.0,26.573
3797.0,46.336
3798.0,41.323
3799.0,21.683
3800.0,3.113
3801.0,4.952
3802.0,16.058
3803.0,22.9
3804.0,17.017
3805.0,11.09
3806.0,10.458
3807.0,14.067
3808.0,12.691
3809.0,16.901
3810.0,9.186
3811.0,15.023
3812.0,15.32
3813.0,12.442
3814.0,11.934
3815.0,13.382
3816.0,14.721
3817.0,15.401
3818.0,10.442
3819.0,17.409
3820.0,22.677
3821.0,18.084
3822.0,15.878
3823.0,17.821
3824.0,15.467
3825.0,14.352
3826.0,21.847
3827.0,25.752
3828.0,30.745
3829.0,22.218
3830.0,18.771
3831.0,19.56
3832.0,20.785
3833.0,22.628
3834.0,16.069
3835.0,22.092
3836.0,20.055
3837.0,20.042
3838.0,24.712
3839.0,22.019
3840.0,14.406
3841.0,14.127
3842.0,16.292
3843.0,18.734
3844.0,15.936
3845.0,18.111
3846.0,17.568
3847.0,16.267
3848.0,15.394
3849.0,16.723
3850.0,16.07
3851.0,15.067
3852.0,14.528
3853.0,15.157
3854.0,14.061
3855.0,16.356
3856.0,17.414
3857.0,9.598
3858.0,10.964
3859.0,10.643
3860.0,13.21
3861.0,10.283
3862.0,13.075
3863.0,10.705
3864.0,13.033
3865.0,8.256
3866.0,10.778
3867.0,11.924
3868.0,11.507
3869.0,10.078
3870.0,14.729
3871.0,11.409
3872.0,11.808
3873.0,11.339
3874.0,10.163
3875.0,11.258
3876.0,11.767
3877.0,11.684
3878.0,13.005
3879.0,12.243
3880.0,17.68
3881.0,20.74
3882.0,17.417
3883.0,13.03
3884.0,14.97
3885.0,14.433
3886.0,9.397
3887.0,10.462
3888.0,12.618
3889.0,12.737
3890.0,12.647
3891.0,10.769
3892.0,12.361
3893.0,10.247
3894.0,14.764
3895.0,9.289
3896.0,11.488
3897.0,13.086
3898.0,9.979
3899.0,18.222
3900.0,21.085
3901.0,17.047
3902.0,20.532
3903.0,19.393
3904.0,16.405
3905.0,25.288
3906.0,26.183
3907.0,33.326
3908.0,27.892
3909.0,10.061
3910.0,10.157
3911.0,18.729
3912.0,4.737
3913.0,3.461
3914.0,0.125
3915.0,0.104
3916.0,0.543
3917.0,0.209
3918.0,0.229
3919.0,0.188
3920.0,0.251
3921.0,1.297
3922.0,1.503
3923.0,2.147
3924.0,2.126
3925.0,2.167
3926.0,2.147
3927.0,2.147
3928.0,2.167
3929.0,2.126
3930.0,2.146
3931.0,2.105
3932.0,2.147
3933.0,2.168
3934.0,2.105
3935.0,2.126
3936.0,2.146
3937.0,2.146
3938.0,2.167
3939.0,2.126
3940.0,2.127
3941.0,2.146
3942.0,2.105
3943.0,2.168
3944.0,2.127
3945.0,0.271
3946.0,0.563
3947.0,1.752
3948.0,1.084
3949.0,1.34
3950.0,0.084
3951.0,0.064
3952.0,0.085
3953.0,0.085
3954.0,0.063
3955.0,0.106
3956.0,0.085
3957.0,0.085
3958.0,0.085
3959.0,0.484
3960.0,1.219
3961.0,1.877
3962.0,1.897
3963.0,1.94
3964.0,1.918
3965.0,1.897
3966.0,1.876
3967.0,1.918
3968.0,1.918
3969.0,1.939
3970.0,1.959
3971.0,1.919
3972.0,1.897
3973.0,2.023
3974.0,2.146
3975.0,2.064
3976.0,2.104
3977.0,2.027
3978.0,2.034
3979.0,2.085
3980.0,2.105
3981.0,2.105
3982.0,2.126
3983.0,2.084
3984.0,2.125
3985.0,2.105
3986.0,2.085
3987.0,2.105
3988.0,2.126
3989.0,2.084
3990.0,2.126
3991.0,2.125
3992.0,2.126
3993.0,2.142
3994.0,2.1
3995.0,2.105
3996.0,2.085
3997.0,2.105
3998.0,2.084
3999.0,2.126
4000.0,2.105
4001.0,2.126
4002.0,2.125
4003.0,2.105
4004.0,2.066
4005.0,2.105
4006.0,2.084
4007.0,2.105
4008.0,2.105
4009.0,2.105
4010.0,2.105
4011.0,2.105
4012.0,2.084
4013.0,2.105
4014.0,2.125
4015.0,2.126
4016.0,2.084
4017.0,2.126
4018.0,2.105
4019.0,2.125
4020.0,2.084
4021.0,2.146
4022.0,2.105
4023.0,2.105
4024.0,2.105
4025.0,2.709
4026.0,2.105
4027.0,2.105
4028.0,2.023
4029.0,2.147
4030.0,2.105
4031.0,2.125
4032.0,2.126
4033.0,2.126
4034.0,2.125
4035.0,2.125
4036.0,2.105
4037.0,2.105
4038.0,2.146
4039.0,2.147
4040.0,2.105
4041.0,2.106
4042.0,2.147
4043.0,2.147
4044.0,2.126
4045.0,2.105
4046.0,2.126
4047.0,2.084
4048.0,2.126
4049.0,2.147
4050.0,2.105
4051.0,2.125
4052.0,2.105
4053.0,2.126
4054.0,2.125
4055.0,2.127
4056.0,2.125
4057.0,2.106
4058.0,2.126
4059.0,2.023
4060.0,2.168
4061.0,2.147
4062.0,2.168
4063.0,2.754
4064.0,18.224
4065.0,12.643
4066.0,13.535
4067.0,8.274
4068.0,46.82
4069.0,2.27
4070.0,3.356
4071.0,2.189
4072.0,21.347
4073.0,1.266
4074.0,4.179
4075.0,7.115
4076.0,6.589
4077.0,2.249
4078.0,2.189
4079.0,3.779
4080.0,4.253
4081.0,4.23
4082.0,4.23
4083.0,4.232
4084.0,4.23
4085.0,4.23
4086.0,4.231
4087.0,4.251
4088.0,6.408
4089.0,12.281
4090.0,26.664
4091.0,18.404
4092.0,5.047
4093.0,5.915
4094.0,2.438
4095.0,2.189
4096.0,4.66
4097.0,10.267
4098.0,9.775
4099.0,51.989
4100.0,16.757
4101.0,8.038
4102.0,6.297
4103.0,6.318
4104.0,6.297
4105.0,6.336
4106.0,6.316
4107.0,6.316
4108.0,6.775
4109.0,6.4
4110.0,8.481
4111.0,4.836
4112.0,4.21
4113.0,7.204
4114.0,9.299
4115.0,8.465
4116.0,7.465
4117.0,6.296
4118.0,6.337
4119.0,20.284
4120.0,14.167
4121.0,4.712
4122.0,11.653
4123.0,23.885
4124.0,7.932
4125.0,8.399
4126.0,8.191
4127.0,7.173
4128.0,5.502
4129.0,12.847
4130.0,16.861
4131.0,4.729
4132.0,4.148
4133.0,21.129
4134.0,7.182
4135.0,8.401
4136.0,8.776
4137.0,6.335
4138.0,6.273
4139.0,5.126
4140.0,5.299
4141.0,7.917
4142.0,7.67
4143.0,7.691
4144.0,6.297
4145.0,30.248
4146.0,5.561
4147.0,4.23
4148.0,4.21
4149.0,7.954
4150.0,8.396
4151.0,7.588
4152.0,6.273
4153.0,29.149
4154.0,43.548
4155.0,2.584
4156.0,4.213
4157.0,4.19
4158.0,8.033
4159.0,8.337
4160.0,7.045
4161.0,4.713
4162.0,17.313
4163.0,4.252
4164.0,4.628
4165.0,8.18
4166.0,8.441
4167.0,5.755
4168.0,4.256
4169.0,7.222
4170.0,51.499
4171.0,18.248
4172.0,7.92
4173.0,6.315
4174.0,6.675
4175.0,8.361
4176.0,7.548
4177.0,6.296
4178.0,6.91
4179.0,8.399
4180.0,7.109
4181.0,6.245
4182.0,6.336
4183.0,20.688
4184.0,9.121
4185.0,6.404
4186.0,7.906
4187.0,9.026
4188.0,7.339
4189.0,34.599
4190.0,44.528
4191.0,4.858
4192.0,6.997
4193.0,9.419
4194.0,8.852
4195.0,9.258
4196.0,6.315
4197.0,6.316
4198.0,6.045
4199.0,5.495
4200.0,3.732
4201.0,3.252
4202.0,2.188
4203.0,2.188
4204.0,2.482
4205.0,12.216
4206.0,3.937
4207.0,2.168
4208.0,2.125
4209.0,2.105
4210.0,2.105
4211.0,2.105
4212.0,2.146
4213.0,2.126
4214.0,2.148
4215.0,2.193
4216.0,2.168
4217.0,2.148
4218.0,2.337
4219.0,2.357
4220.0,2.19
4221.0,2.168
4222.0,2.147
4223.0,2.146
4224.0,2.129
4225.0,2.125
4226.0,2.105
4227.0,2.105
4228.0,14.774
4229.0,2.126
4230.0,2.147
4231.0,2.167
4232.0,2.188
4233.0,2.168
4234.0,2.168
4235.0,2.168
4236.0,2.167
4237.0,2.188
4238.0,2.188
4239.0,2.126
4240.0,2.126
4241.0,2.126
4242.0,2.146
4243.0,2.126
4244.0,2.126
4245.0,2.066
4246.0,2.19
4247.0,2.168
4248.0,2.168
4249.0,2.21
4250.0,2.168
4251.0,2.168
4252.0,2.168
4253.0,2.168
4254.0,2.188
4255.0,2.126
4256.0,2.105
4257.0,2.126
4258.0,2.918
4259.0,16.42
4260.0,2.105
4261.0,2.105
4262.0,2.147
4263.0,2.168
4264.0,2.188
4265.0,2.148
4266.0,2.188
4267.0,2.168
4268.0,2.167
4269.0,2.126
4270.0,2.105
4271.0,2.126
4272.0,2.126
4273.0,2.125
4274.0,2.105
4275.0,2.069
4276.0,2.147
4277.0,2.167
4278.0,2.188
4279.0,2.188
4280.0,2.147
4281.0,2.105
4282.0,2.126
4283.0,2.126
4284.0,17.045
4285.0,2.147
4286.0,2.127
4287.0,2.188
4288.0,2.167
4289.0,2.19
4290.0,2.188
4291.0,2.146
4292.0,2.126
4293.0,2.105
4294.0,2.147
4295.0,2.126
4296.0,2.188
4297.0,2.188
4298.0,2.168
4299.0,2.168
4300.0,2.167
4301.0,2.126
4302.0,2.147
4303.0,2.105
4304.0,2.168
4305.0,2.216
4306.0,2.168
4307.0,2.168
4308.0,2.188
4309.0,2.127
4310.0,2.105
4311.0,2.125
4312.0,2.126
4313.0,2.126
4314.0,2.146
4315.0,2.125
4316.0,16.448
4317.0,2.168
4318.0,2.188
4319.0,2.647
4320.0,2.146
4321.0,2.126
4322.0,2.146
4323.0,2.105
4324.0,2.189
4325.0,2.772
4326.0,2.125
4327.0,2.105
4328.0,2.146
4329.0,2.126
4330.0,2.085
4331.0,2.209
4332.0,2.168
4333.0,2.146
4334.0,2.106
4335.0,2.047
4336.0,2.126
4337.0,2.146
4338.0,2.146
4339.0,2.127
4340.0,2.126
4341.0,12.042
4342.0,2.147
4343.0,2.188
4344.0,2.168
4345.0,2.189
4346.0,2.188
4347.0,2.126
4348.0,2.125
4349.0,2.189
4350.0,2.126
4351.0,8.151
4352.0,2.483
4353.0,2.23
4354.0,2.272
4355.0,2.126
4356.0,2.397
4357.0,2.105
4358.0,2.146
4359.0,4.147
4360.0,2.146
4361.0,2.126
4362.0,2.146
4363.0,2.126
4364.0,2.125
4365.0,2.127
4366.0,2.129
4367.0,2.082
4368.0,2.147
4369.0,4.857
4370.0,2.146
4371.0,2.126
4372.0,2.129
4373.0,2.146
4374.0,2.231
4375.0,2.292
4376.0,2.126
4377.0,2.125
4378.0,2.146
4379.0,5.318
4380.0,2.105
4381.0,2.125
4382.0,2.105
4383.0,2.147
4384.0,2.126
4385.0,2.147
4386.0,2.334
4387.0,2.272
4388.0,2.21
4389.0,6.485
4390.0,2.021
4391.0,2.042
4392.0,2.042
4393.0,2.064
4394.0,2.022
4395.0,2.272
4396.0,2.001
4397.0,2.064
4398.0,2.063
4399.0,4.074
4400.0,0.188
4401.0,0.083
4402.0,0.125
4403.0,0.083
4404.0,0.104
4405.0,0.063
4406.0,0.125
4407.0,0.063
4408.0,0.083
4409.0,0.083
4410.0,0.104
4411.0,0.083
4412.0,0.083
4413.0,0.104
4414.0,0.104
4415.0,0.104
4416.0,0.083
4417.0,0.083
4418.0,0.083
4419.0,0.104
4420.0,0.083
4421.0,0.105
4422.0,0.063
4423.0,0.107
4424.0,0.064
4425.0,0.105
4426.0,0.106
4427.0,0.064
4428.0,0.064
4429.0,0.104
4430.0,0.084
4431.0,0.107
4432.0,0.085
4433.0,0.085
4434.0,0.085
4435.0,0.085
4436.0,0.085
4437.0,0.086
4438.0,0.086
4439.0,0.085
4440.0,0.085
4441.0,0.106
4442.0,0.105
4443.0,0.086
4444.0,0.085
4445.0,0.085
4446.0,0.085
4447.0,0.105
4448.0,0.085
4449.0,0.064
4450.0,0.085
4451.0,1.253
4452.0,1.98
4453.0,2.022
4454.0,1.198
4455.0,3.319
4456.0,2.841
4457.0,4.003
4458.0,2.96
4459.0,2.313
4460.0,2.522
4461.0,1.855
4462.0,2.669
4463.0,2.459
4464.0,2.168
4465.0,2.731
4466.0,2.667
4467.0,2.168
4468.0,2.689
4469.0,2.147
4470.0,2.231
4471.0,0.292
4472.0,0.376
4473.0,0.313
4474.0,0.271
4475.0,0.313
4476.0,0.271
4477.0,0.313
4478.0,0.292
4479.0,0.292
4480.0,0.292
4481.0,0.229
4482.0,0.292
4483.0,0.271
4484.0,0.292
4485.0,0.292
4486.0,0.313
4487.0,0.271
4488.0,3.07
4489.0,2.251
4490.0,2.564
4491.0,2.211
4492.0,2.231
4493.0,2.148
4494.0,2.128
4495.0,2.127
4496.0,2.378
4497.0,2.085
4498.0,2.168
4499.0,2.105
4500.0,2.419
4501.0,2.085
4502.0,2.314
4503.0,2.585
4504.0,2.169
4505.0,2.439
4506.0,2.064
4507.0,2.336
4508.0,2.314
4509.0,2.252
4510.0,2.314
4511.0,2.252
4512.0,2.314
4513.0,2.376
4514.0,2.356
4515.0,2.127
4516.0,2.252
4517.0,2.191
4518.0,2.191
4519.0,2.314
4520.0,2.273
4521.0,2.335
4522.0,2.273
4523.0,2.251
4524.0,2.898
4525.0,3.107
4526.0,4.942
4527.0,2.96
4528.0,3.669
4529.0,4.271
4530.0,5.044
4531.0,3.166
4532.0,6.615
4533.0,7.124
4534.0,9.837
4535.0,2.105
4536.0,10.775
4537.0,12.088
4538.0,2.502
4539.0,20.238
4540.0,4.148
4541.0,3.128
4542.0,3.961
4543.0,8.983
4544.0,2.272
4545.0,2.356
4546.0,2.105
4547.0,2.355
4548.0,2.375
4549.0,2.105
4550.0,2.313
4551.0,2.355
4552.0,2.313
4553.0,2.023
4554.0,2.396
4555.0,2.355
4556.0,2.397
4557.0,2.105
4558.0,2.564
4559.0,2.751
4560.0,2.084
4561.0,2.418
4562.0,2.375
4563.0,2.293
4564.0,2.523
4565.0,2.543
4566.0,2.126
4567.0,2.396
4568.0,2.584
4569.0,2.939
4570.0,2.501
4571.0,2.377
4572.0,2.606
4573.0,2.835
4574.0,2.542
4575.0,2.46
4576.0,2.459
4577.0,3.023
4578.0,2.647
4579.0,2.459
4580.0,2.208
4581.0,2.773
4582.0,2.856
4583.0,2.542
4584.0,2.418
4585.0,2.502
4586.0,2.854
4587.0,2.877
4588.0,2.105
4589.0,2.481
4590.0,2.792
4591.0,2.356
4592.0,2.605
4593.0,2.418
4594.0,2.105
4595.0,2.646
4596.0,2.71
4597.0,2.667
4598.0,2.627
4599.0,2.689
4600.0,2.729
4601.0,3.044
4602.0,2.104
4603.0,2.752
4604.0,2.105
4605.0,2.48
4606.0,2.564
4607.0,2.084
4608.0,2.918
4609.0,3.168
4610.0,2.168
4611.0,2.417
4612.0,2.585
4613.0,2.126
4614.0,2.564
4615.0,2.646
4616.0,2.564
4617.0,2.564
4618.0,2.084
4619.0,2.334
4620.0,2.773
4621.0,3.001
4622.0,2.918
4623.0,2.521
4624.0,2.105
4625.0,3.126
4626.0,2.626
4627.0,2.585
4628.0,2.46
4629.0,2.48
4630.0,2.126
4631.0,2.502
4632.0,2.73
4633.0,2.272
4634.0,2.231
4635.0,2.564
4636.0,2.521
4637.0,2.793
4638.0,2.542
4639.0,2.584
4640.0,2.418
4641.0,3.774
4642.0,2.626
4643.0,2.125
4644.0,2.772
4645.0,2.939
4646.0,2.125
4647.0,3.21
4648.0,2.085
4649.0,2.646
4650.0,2.417
4651.0,2.085
4652.0,2.583
4653.0,2.106
4654.0,2.625
4655.0,2.814
4656.0,2.439
4657.0,2.376
4658.0,2.105
4659.0,3.167
4660.0,2.751
4661.0,2.126
4662.0,2.772
4663.0,3.335
4664.0,3.23
4665.0,2.126
4666.0,3.169
4667.0,2.126
4668.0,2.584
4669.0,2.376
4670.0,2.125
4671.0,2.71
4672.0,2.126
4673.0,2.835
4674.0,2.98
4675.0,2.689
4676.0,2.251
4677.0,2.105
4678.0,2.708
4679.0,2.961
4680.0,2.77
4681.0,2.773
4682.0,2.105
4683.0,2.815
4684.0,2.645
4685.0,2.439
4686.0,2.439
4687.0,2.397
4688.0,2.293
4689.0,2.396
4690.0,2.667
4691.0,2.46
4692.0,2.439
4693.0,2.73
4694.0,2.689
4695.0,2.481
4696.0,2.584
4697.0,2.917
4698.0,2.584
4699.0,2.773
4700.0,2.125
4701.0,3.231
4702.0,2.126
4703.0,2.335
4704.0,2.125
4705.0,2.501
4706.0,2.125
4707.0,3.022
4708.0,2.793
4709.0,2.105
4710.0,2.876
4711.0,3.168
4712.0,2.126
4713.0,2.751
4714.0,3.064
4715.0,2.147
4716.0,2.71
4717.0,2.562
4718.0,2.376
4719.0,2.563
4720.0,2.584
4721.0,2.709
4722.0,3.064
4723.0,2.396
4724.0,2.459
4725.0,2.647
4726.0,2.105
4727.0,2.439
4728.0,2.627
4729.0,2.5
4730.0,2.627
4731.0,2.918
4732.0,2.459
4733.0,2.502
4734.0,2.334
4735.0,2.272
4736.0,2.711
4737.0,2.459
4738.0,2.564
4739.0,2.376
4740.0,3.042
4741.0,2.334
4742.0,2.647
4743.0,2.668
4744.0,2.813
4745.0,2.105
4746.0,2.605
4747.0,2.585
4748.0,2.125
4749.0,3.669
4750.0,2.105
4751.0,2.397
4752.0,2.355
4753.0,2.105
4754.0,2.502
4755.0,2.126
4756.0,2.835
4757.0,2.875
4758.0,2.085
4759.0,2.897
4760.0,3.312
4761.0,2.105
4762.0,2.877
4763.0,3.002
4764.0,2.105
4765.0,2.502
4766.0,2.543
4767.0,2.126
4768.0,2.522
4769.0,2.792
4770.0,2.96
4771.0,2.085
4772.0,2.667
4773.0,2.815
4774.0,2.646
4775.0,2.836
4776.0,2.084
4777.0,2.376
4778.0,2.667
4779.0,2.584
4780.0,2.856
4781.0,2.73
4782.0,2.709
4783.0,2.918
4784.0,2.104
4785.0,2.835
4786.0,2.585
4787.0,2.125
4788.0,2.835
4789.0,2.105
4790.0,2.647
4791.0,3.085
4792.0,2.105
4793.0,2.562
4794.0,2.814
4795.0,2.106
4796.0,2.375
4797.0,2.543
4798.0,2.689
4799.0,2.105
4800.0,3.272
4801.0,2.293
4802.0,2.355
4803.0,3.001
4804.0,2.855
4805.0,2.48
4806.0,2.459
4807.0,2.397
4808.0,2.355
4809.0,2.709
4810.0,2.564
4811.0,2.314
4812.0,2.46
4813.0,2.627
4814.0,2.584
4815.0,2.44
4816.0,2.836
4817.0,2.315
4818.0,2.46
4819.0,2.855
4820.0,2.689
4821.0,2.627
4822.0,2.688
4823.0,2.773
4824.0,2.459
4825.0,2.105
4826.0,2.334
4827.0,2.501
4828.0,2.835
4829.0,2.521
4830.0,2.626
4831.0,2.563
4832.0,2.543
4833.0,2.919
4834.0,2.334
4835.0,2.481
4836.0,2.73
4837.0,2.543
4838.0,2.459
4839.0,2.522
4840.0,2.606
4841.0,2.543
4842.0,2.48
4843.0,2.668
4844.0,2.293
4845.0,2.438
4846.0,2.314
4847.0,2.835
4848.0,2.605
4849.0,3.294
4850.0,2.502
4851.0,2.73
4852.0,2.397
4853.0,2.751
4854.0,2.835
4855.0,2.627
4856.0,2.105
4857.0,3.044
4858.0,3.46
4859.0,2.085
4860.0,3.23
4861.0,2.105
4862.0,2.98
4863.0,2.439
4864.0,2.167
4865.0,2.334
4866.0,2.233
4867.0,2.168
4868.0,2.5
4869.0,2.376
4870.0,2.168
4871.0,2.334
4872.0,2.355
4873.0,2.314
4874.0,2.189
4875.0,0.417
4876.0,0.396
4877.0,0.354
4878.0,0.375
4879.0,0.396
4880.0,0.354
4881.0,0.354
4882.0,0.375
4883.0,0.396
4884.0,0.375
4885.0,0.458
4886.0,0.354
4887.0,0.375
4888.0,0.375
4889.0,0.396
4890.0,0.354
4891.0,1.608
4892.0,2.167
4893.0,2.189
4894.0,2.167
4895.0,2.168
4896.0,2.168
4897.0,2.167
4898.0,2.167
4899.0,2.168
4900.0,2.188
4901.0,2.188
4902.0,2.168
4903.0,2.188
4904.0,2.188
4905.0,2.147
4906.0,2.208
4907.0,2.168
4908.0,2.168
4909.0,2.167
4910.0,2.189
4911.0,2.147
4912.0,2.188
4913.0,2.168
4914.0,2.188
4915.0,2.167
4916.0,2.188
4917.0,2.188
4918.0,2.167
4919.0,2.168
4920.0,2.168
4921.0,2.167
4922.0,2.167
4923.0,2.188
4924.0,2.147
4925.0,2.251
4926.0,2.582
4927.0,2.188
4928.0,2.147
4929.0,2.167
4930.0,2.188
4931.0,2.189
4932.0,2.188
4933.0,2.148
4934.0,2.188
4935.0,2.188
4936.0,2.147
4937.0,2.188
4938.0,2.168
4939.0,2.168
4940.0,2.167
4941.0,2.167
4942.0,2.147
4943.0,2.188
4944.0,2.167
4945.0,2.168
4946.0,2.168
4947.0,2.168
4948.0,2.168
4949.0,2.167
4950.0,2.188
4951.0,2.168
4952.0,2.167
4953.0,2.188
4954.0,2.168
4955.0,2.168
4956.0,2.188
4957.0,2.188
4958.0,2.168
4959.0,2.189
4960.0,2.167
4961.0,2.147
4962.0,2.167
4963.0,2.188
4964.0,2.168
4965.0,2.168
4966.0,2.188
4967.0,2.168
4968.0,2.188
4969.0,2.168
4970.0,2.188
4971.0,2.168
4972.0,2.168
4973.0,2.167
4974.0,2.168
4975.0,2.188
4976.0,2.188
4977.0,2.147
4978.0,2.168
4979.0,2.188
4980.0,2.147
4981.0,2.167
4982.0,2.188
4983.0,2.189
4984.0,2.188
4985.0,2.167
4986.0,2.188
4987.0,2.168
4988.0,2.167
4989.0,2.188
4990.0,2.188
4991.0,2.188
4992.0,2.168
4993.0,2.168
4994.0,2.188
4995.0,2.168
4996.0,2.168
4997.0,2.167
4998.0,2.188
4999.0,2.167
