1.0,35.4818
2.0,36.0677
3.0,36.1654
4.0,35.3841
5.0,35.9375
6.0,36.1979
7.0,36.3282
8.0,35.4166
9.0,36.0678
10.0,36.2956
11.0,36.1003
12.0,36.2305
13.0,36.1979
14.0,35.4167
15.0,36.3932
16.0,36.198
17.0,36.263
18.0,36.2631
19.0,36.1654
20.0,35.9049
21.0,36.1003
22.0,36.1328
23.0,35.6771
24.0,35.9375
25.0,35.8724
26.0,36.0678
27.0,36.1003
28.0,36.1979
29.0,37.4024
30.0,35.9375
31.0,42.5781
32.0,42.6757
33.0,42.5781
34.0,42.5781
35.0,43.2943
36.0,42.8386
37.0,42.8385
38.0,42.6107
39.0,42.7409
40.0,43.3268
41.0,43.2617
42.0,42.9362
43.0,43.4245
44.0,43.3593
45.0,42.7409
46.0,42.9688
47.0,43.1315
48.0,42.8385
49.0,42.806
50.0,43.2943
51.0,43.3268
52.0,42.7408
53.0,43.0339
54.0,42.9037
55.0,42.8711
56.0,42.9036
57.0,42.7409
58.0,43.099
59.0,42.6757
60.0,43.0664
61.0,43.2617
62.0,42.7083
63.0,42.5456
64.0,42.9362
65.0,42.7409
66.0,42.4805
67.0,42.8711
68.0,43.4896
69.0,42.5781
70.0,42.9688
71.0,43.2291
72.0,43.0664
73.0,42.6758
74.0,42.5456
75.0,42.4805
76.0,43.1641
77.0,43.1641
78.0,43.2291
79.0,43.1641
80.0,42.5781
81.0,43.2291
82.0,43.0664
83.0,42.5781
84.0,42.7083
85.0,42.6432
86.0,42.5455
87.0,42.9688
88.0,43.0664
89.0,43.3594
90.0,42.9036
91.0,42.7734
92.0,42.5781
93.0,43.2292
94.0,42.6432
95.0,42.6758
96.0,43.1966
97.0,42.513
98.0,42.8385
99.0,42.9362
100.0,42.6107
101.0,43.2617
102.0,42.9688
103.0,43.0664
104.0,42.6432
105.0,43.2942
106.0,43.457
107.0,43.0989
108.0,42.7408
109.0,42.6106
110.0,42.6432
111.0,42.9037
112.0,43.1315
113.0,42.9037
114.0,42.5781
115.0,43.2292
116.0,43.2617
117.0,43.2292
118.0,43.164
119.0,43.5873
120.0,42.6106
121.0,42.9687
122.0,42.7409
123.0,43.0013
124.0,42.8385
125.0,42.7409
126.0,43.0013
127.0,42.8059
128.0,43.0664
129.0,42.5781
130.0,43.0339
131.0,43.2292
132.0,42.9688
133.0,43.0989
134.0,42.6758
135.0,43.2617
136.0,42.8385
137.0,43.0013
138.0,43.3268
139.0,42.6432
140.0,43.3268
141.0,42.8385
142.0,42.806
143.0,42.8385
144.0,42.9688
145.0,42.7734
146.0,43.2292
147.0,42.6758
148.0,42.9688
149.0,42.9687
150.0,42.7409
151.0,43.0013
152.0,43.164
153.0,42.7409
154.0,43.2617
155.0,43.0664
156.0,43.1966
157.0,43.0013
158.0,43.1966
159.0,42.6432
160.0,43.1641
161.0,43.1641
162.0,42.6432
163.0,43.5547
164.0,43.0013
165.0,43.0664
166.0,43.5547
167.0,43.2943
168.0,43.4244
169.0,43.3268
170.0,42.9036
171.0,43.3269
172.0,43.1641
173.0,42.9362
174.0,43.4244
175.0,43.164
176.0,42.8711
177.0,43.1315
178.0,42.9362
179.0,43.164
180.0,43.2291
181.0,43.1966
182.0,43.3268
183.0,43.2617
184.0,42.9688
185.0,42.6106
186.0,42.9688
187.0,43.0338
188.0,42.9362
189.0,42.9687
190.0,43.3268
191.0,42.9687
192.0,42.9362
193.0,43.4896
194.0,43.0339
195.0,43.0339
196.0,43.0339
197.0,42.9362
198.0,43.0989
199.0,43.0013
200.0,43.4245
201.0,43.2617
202.0,43.1641
203.0,42.6758
204.0,43.0664
205.0,42.8711
206.0,43.0338
207.0,42.9362
208.0,43.6198
209.0,43.3919
210.0,42.7083
211.0,43.2617
212.0,43.2943
213.0,43.3594
214.0,42.9362
215.0,43.3269
216.0,43.0664
217.0,43.2943
218.0,43.457
219.0,42.6758
220.0,43.1641
221.0,43.0013
222.0,43.0013
223.0,43.3268
224.0,43.1315
225.0,43.1315
226.0,43.0338
227.0,42.806
228.0,43.2617
229.0,42.9362
230.0,43.4245
231.0,43.1641
232.0,43.4896
233.0,43.0339
234.0,43.1315
235.0,43.3268
236.0,43.0013
237.0,43.1641
238.0,43.0339
239.0,43.5547
240.0,42.9687
241.0,43.3593
242.0,43.0989
243.0,42.9688
244.0,43.0989
245.0,42.9362
246.0,42.9362
247.0,43.1315
248.0,43.1966
249.0,43.4245
250.0,42.5455
251.0,43.1315
252.0,42.6106
253.0,43.2942
254.0,43.1966
255.0,43.2292
256.0,42.9688
257.0,43.0339
258.0,42.7734
259.0,43.5872
260.0,43.0338
261.0,43.0989
262.0,42.9037
263.0,42.7408
264.0,43.0664
265.0,42.9688
266.0,43.1641
267.0,43.099
268.0,42.6432
269.0,43.0989
270.0,43.6524
271.0,42.6757
272.0,43.3268
273.0,43.3268
274.0,42.9688
275.0,42.513
276.0,42.9362
277.0,43.1966
278.0,43.6849
279.0,43.5221
280.0,42.8385
281.0,43.1641
282.0,43.0013
283.0,43.3594
284.0,42.7409
285.0,43.0013
286.0,43.3594
287.0,43.0989
288.0,42.513
289.0,42.6107
290.0,42.8059
291.0,43.164
292.0,42.9687
293.0,43.2943
294.0,42.5781
295.0,43.0339
296.0,42.5456
297.0,43.0013
298.0,42.9362
299.0,42.9037
300.0,42.806
301.0,43.3268
302.0,43.392
303.0,43.0013
304.0,42.9688
305.0,42.9687
306.0,42.9362
307.0,42.9688
308.0,43.4245
309.0,43.1315
310.0,43.0989
311.0,42.8711
312.0,43.4245
313.0,42.8059
314.0,42.9361
315.0,43.1966
316.0,42.806
317.0,42.9362
318.0,43.0664
319.0,42.7408
320.0,43.0338
321.0,43.3268
322.0,43.6523
323.0,43.0989
324.0,42.8711
325.0,42.6106
326.0,43.3268
327.0,43.2617
328.0,42.806
329.0,43.0338
330.0,43.1966
331.0,43.6198
332.0,43.2291
333.0,42.806
334.0,43.0339
335.0,42.8711
336.0,42.7409
337.0,43.2291
338.0,43.392
339.0,43.6198
340.0,43.0338
341.0,43.0013
342.0,43.4245
343.0,43.0339
344.0,42.7735
345.0,42.7084
346.0,43.4571
347.0,42.8711
348.0,42.806
349.0,43.1966
350.0,43.0013
351.0,43.2617
352.0,43.0013
353.0,42.9362
354.0,43.0989
355.0,43.1966
356.0,42.5781
357.0,43.0664
358.0,42.8711
359.0,43.1315
360.0,43.099
361.0,43.0339
362.0,43.0013
363.0,43.2292
364.0,43.2617
365.0,43.4245
366.0,42.6106
367.0,43.0664
368.0,42.9688
369.0,43.3919
370.0,43.3593
371.0,42.7083
372.0,42.806
373.0,42.9036
374.0,43.3268
375.0,43.099
376.0,43.457
377.0,42.8059
378.0,43.0989
379.0,43.6849
380.0,42.9036
381.0,43.1966
382.0,42.9688
383.0,43.2943
384.0,43.3594
385.0,43.1966
386.0,42.8386
387.0,43.164
388.0,43.2292
389.0,43.3268
390.0,42.7734
391.0,43.3593
392.0,42.8385
393.0,42.9036
394.0,43.1966
395.0,43.0013
396.0,42.9362
397.0,43.0013
398.0,42.8711
399.0,43.4896
400.0,43.3268
401.0,42.7735
402.0,43.0664
403.0,43.3594
404.0,43.75
405.0,42.9687
406.0,43.5547
407.0,42.9037
408.0,43.0664
409.0,43.2617
410.0,43.1966
411.0,43.5547
412.0,42.7734
413.0,43.3268
414.0,43.3594
415.0,42.9036
416.0,42.8711
417.0,43.1315
418.0,43.0338
419.0,42.8385
420.0,42.7734
421.0,43.1315
422.0,43.3593
423.0,43.1966
424.0,43.1966
425.0,43.0664
426.0,42.806
427.0,43.0664
428.0,43.4245
429.0,43.0013
430.0,43.2942
431.0,43.0013
432.0,42.6432
433.0,43.1315
434.0,43.6523
435.0,43.1641
436.0,43.0664
437.0,43.1966
438.0,43.2942
439.0,42.7734
440.0,43.3594
441.0,43.0338
442.0,43.1315
443.0,43.4571
444.0,43.3268
445.0,43.1641
446.0,42.9688
447.0,42.8386
448.0,43.1966
449.0,43.6198
450.0,43.7826
451.0,43.1641
452.0,43.0013
453.0,42.7409
454.0,43.4896
455.0,42.8385
456.0,43.0989
457.0,43.1641
458.0,43.164
459.0,43.6198
460.0,43.0013
461.0,43.457
462.0,42.7734
463.0,43.3594
464.0,43.2943
465.0,43.3268
466.0,43.2292
467.0,43.4896
468.0,43.3594
469.0,43.0339
470.0,43.3593
471.0,43.5221
472.0,43.2617
473.0,43.1966
474.0,42.6432
475.0,43.099
476.0,42.9037
477.0,42.8711
478.0,43.2617
479.0,43.1641
480.0,43.6849
481.0,42.7409
482.0,43.0339
483.0,43.0664
484.0,43.2943
485.0,43.0989
486.0,42.6432
487.0,43.2943
488.0,43.5222
489.0,42.806
490.0,43.6198
491.0,43.0013
492.0,43.457
493.0,43.1641
494.0,43.0664
495.0,43.3268
496.0,43.2617
497.0,43.0664
498.0,43.1315
499.0,42.9687
500.0,43.2292
501.0,43.3268
502.0,43.2943
503.0,42.8711
504.0,43.0013
505.0,43.1966
506.0,35.9049
507.0,43.0989
508.0,43.3919
509.0,42.9688
510.0,43.4245
511.0,43.0664
512.0,43.2617
513.0,43.2617
514.0,43.0989
515.0,43.1315
516.0,42.806
517.0,43.1641
518.0,43.0013
519.0,42.806
520.0,42.8711
521.0,43.7174
522.0,43.3593
523.0,43.1641
524.0,43.1315
525.0,42.9688
526.0,43.3594
527.0,43.0338
528.0,43.3919
529.0,43.6524
530.0,43.3268
531.0,43.099
532.0,42.9362
533.0,43.164
534.0,43.3594
535.0,42.9362
536.0,43.6849
537.0,43.3268
538.0,43.5221
539.0,43.0664
540.0,43.3268
541.0,43.6198
542.0,43.3594
543.0,42.8711
544.0,43.2617
545.0,42.9688
546.0,43.2617
547.0,43.2617
548.0,43.3594
549.0,42.9687
550.0,43.0339
551.0,43.0013
552.0,43.3268
553.0,42.4479
554.0,43.3268
555.0,42.9687
556.0,43.0664
557.0,43.6198
558.0,43.1315
559.0,43.3919
560.0,43.4571
561.0,43.099
562.0,43.0338
563.0,43.5547
564.0,43.2942
565.0,43.1315
566.0,43.457
567.0,43.4896
568.0,43.392
569.0,43.457
570.0,43.6198
571.0,42.9362
572.0,43.2617
573.0,43.164
574.0,43.3268
575.0,43.0338
576.0,43.5222
577.0,43.2943
578.0,43.164
579.0,43.2942
580.0,43.2292
581.0,43.0338
582.0,43.1641
583.0,43.4571
584.0,43.0664
585.0,43.099
586.0,43.6523
587.0,43.75
588.0,43.2617
589.0,43.0989
590.0,42.7083
591.0,43.2617
592.0,42.8711
593.0,43.4896
594.0,43.0664
595.0,43.0989
596.0,43.1966
597.0,43.099
598.0,43.0013
599.0,43.2292
600.0,42.7734
601.0,43.099
602.0,43.75
603.0,43.0013
604.0,43.1315
605.0,43.2291
606.0,43.1966
607.0,42.8386
608.0,43.4245
609.0,43.3269
610.0,43.6849
611.0,42.7735
612.0,43.1641
613.0,43.3919
614.0,43.457
615.0,43.3268
616.0,43.2943
617.0,43.2617
618.0,43.2291
619.0,43.0013
620.0,42.9362
621.0,43.3269
622.0,43.1315
623.0,43.1966
624.0,43.2617
625.0,43.2292
626.0,43.0013
627.0,42.9037
628.0,43.1315
629.0,43.1315
630.0,42.7083
631.0,43.5221
632.0,43.3594
633.0,43.099
634.0,42.8386
635.0,43.0339
636.0,43.5547
637.0,42.7409
638.0,42.6432
639.0,42.9037
640.0,43.0013
641.0,43.0013
642.0,43.5221
643.0,43.3594
644.0,43.1641
645.0,43.0664
646.0,43.457
647.0,43.2942
648.0,43.6524
649.0,43.2292
650.0,43.3594
651.0,43.5872
652.0,43.2292
653.0,42.806
654.0,43.2617
655.0,43.8476
656.0,43.0013
657.0,43.4571
658.0,43.4244
659.0,42.8059
660.0,42.9687
661.0,43.0664
662.0,43.3594
663.0,43.3593
664.0,43.164
665.0,42.9362
666.0,43.1315
667.0,42.6757
668.0,43.4896
669.0,43.4245
670.0,43.0989
671.0,43.0664
672.0,43.4245
673.0,43.1315
674.0,43.9127
675.0,43.4245
676.0,43.0013
677.0,43.2292
678.0,43.0013
679.0,43.2617
680.0,43.0338
681.0,43.2617
682.0,42.6432
683.0,43.0664
684.0,43.1966
685.0,43.0013
686.0,43.1315
687.0,43.0989
688.0,43.2291
689.0,43.3268
690.0,43.3594
691.0,43.0339
692.0,43.75
693.0,43.6523
694.0,43.2292
695.0,43.0989
696.0,43.0339
697.0,42.8385
698.0,43.5221
699.0,43.2943
700.0,42.9687
701.0,43.0339
702.0,43.2292
703.0,43.4245
704.0,42.806
705.0,43.7175
706.0,42.6758
707.0,43.392
708.0,42.6432
709.0,43.0338
710.0,43.4895
711.0,42.9362
712.0,43.3594
713.0,42.9036
714.0,43.0339
715.0,43.164
716.0,43.0013
717.0,43.6523
718.0,43.6198
719.0,42.7408
720.0,43.457
721.0,43.1315
722.0,43.4896
723.0,43.9453
724.0,43.2618
725.0,42.8711
726.0,42.7409
727.0,43.2943
728.0,43.4896
729.0,42.9362
730.0,43.1641
731.0,43.457
732.0,42.9362
733.0,43.0339
734.0,43.5221
735.0,43.1966
736.0,42.9036
737.0,43.099
738.0,42.8385
739.0,43.1641
740.0,43.2618
741.0,43.3594
742.0,43.4896
743.0,43.2943
744.0,43.2291
745.0,42.8711
746.0,43.2617
747.0,43.164
748.0,43.9453
749.0,43.164
750.0,43.8802
751.0,43.3919
752.0,43.5222
753.0,43.1315
754.0,43.099
755.0,42.8385
756.0,43.0013
757.0,43.2617
758.0,43.6198
759.0,43.2617
760.0,43.3919
761.0,42.8711
762.0,43.2943
763.0,43.4245
764.0,43.1966
765.0,42.8386
766.0,43.2942
767.0,43.2617
768.0,43.3268
769.0,43.2617
770.0,43.2617
771.0,42.7408
772.0,43.3594
773.0,43.4896
774.0,43.2291
775.0,42.7083
776.0,42.7734
777.0,43.3593
778.0,43.164
779.0,43.0338
780.0,43.0664
781.0,43.3919
782.0,43.3268
783.0,42.8711
784.0,43.6198
785.0,43.4245
786.0,43.0664
787.0,43.5547
788.0,43.0339
789.0,42.9036
790.0,42.9036
791.0,43.75
792.0,43.0339
793.0,43.0664
794.0,42.8711
795.0,43.392
796.0,42.9687
797.0,43.3268
798.0,43.0664
799.0,43.3594
800.0,43.3919
801.0,43.0338
802.0,43.099
803.0,43.6849
804.0,42.9362
805.0,43.4571
806.0,43.5872
807.0,43.1315
808.0,43.3919
809.0,42.9036
810.0,43.9779
811.0,43.3594
812.0,43.5873
813.0,43.4245
814.0,43.3919
815.0,42.7734
816.0,43.2617
817.0,43.4896
818.0,43.3919
819.0,43.2291
820.0,42.7735
821.0,43.2617
822.0,42.9362
823.0,42.8711
824.0,43.0338
825.0,43.2617
826.0,43.3919
827.0,43.2292
828.0,43.5221
829.0,43.164
830.0,43.6524
831.0,42.8385
832.0,42.7735
833.0,43.0664
834.0,43.2617
835.0,43.0013
836.0,43.4244
837.0,42.9688
838.0,43.5221
839.0,42.9037
840.0,43.3919
841.0,43.1967
842.0,43.5222
843.0,43.1315
844.0,43.4244
845.0,43.2292
846.0,43.2942
847.0,43.5221
848.0,43.0013
849.0,43.7826
850.0,43.457
851.0,43.0664
852.0,42.7734
853.0,43.2618
854.0,42.9687
855.0,43.0989
856.0,43.3269
857.0,43.5221
858.0,43.6849
859.0,43.457
860.0,42.7734
861.0,43.164
862.0,43.6849
863.0,43.8476
864.0,43.4571
865.0,43.2291
866.0,43.2942
867.0,43.3919
868.0,43.1315
869.0,43.0338
870.0,43.099
871.0,42.9362
872.0,43.6849
873.0,43.4245
874.0,43.5221
875.0,43.2292
876.0,43.0989
877.0,43.3594
878.0,43.164
879.0,43.75
880.0,43.1966
881.0,43.392
882.0,43.0989
883.0,43.3269
884.0,43.3593
885.0,43.3919
886.0,42.871
887.0,42.9362
888.0,43.1315
889.0,43.8477
890.0,43.1966
891.0,43.3269
892.0,43.2942
893.0,43.1641
894.0,42.8385
895.0,43.164
896.0,43.2942
897.0,42.7083
898.0,43.3919
899.0,43.0664
900.0,42.7409
901.0,42.8385
902.0,43.5547
903.0,43.3268
904.0,43.2292
905.0,43.1966
906.0,43.7826
907.0,43.2292
908.0,43.0664
909.0,43.2617
910.0,43.0664
911.0,43.4896
912.0,43.4895
913.0,43.3268
914.0,42.7735
915.0,42.7083
916.0,43.2617
917.0,43.0339
918.0,43.3269
919.0,43.3268
920.0,42.6757
921.0,43.4245
922.0,42.5781
923.0,43.099
924.0,42.9036
925.0,43.6523
926.0,43.6198
927.0,43.3594
928.0,43.1641
929.0,43.3268
930.0,42.7734
931.0,43.1966
932.0,43.1641
933.0,43.0013
934.0,43.2291
935.0,43.5547
936.0,43.6198
937.0,43.2618
938.0,43.0664
939.0,43.2292
940.0,43.6198
941.0,43.6849
942.0,43.2617
943.0,42.8711
944.0,43.3919
945.0,42.9036
946.0,43.1966
947.0,42.9362
948.0,43.75
949.0,43.0664
950.0,43.2291
951.0,43.5873
952.0,43.0339
953.0,43.0664
954.0,43.099
955.0,43.4245
956.0,42.9688
957.0,42.7734
958.0,43.2942
959.0,43.2292
960.0,43.0339
961.0,43.392
962.0,43.1966
963.0,43.2292
964.0,43.2942
965.0,43.2292
966.0,43.1316
967.0,43.1966
968.0,43.3919
969.0,43.099
970.0,42.9688
971.0,42.871
972.0,42.5781
973.0,43.2617
974.0,42.8385
975.0,42.871
976.0,43.1966
977.0,43.0664
978.0,42.9362
979.0,42.5455
980.0,42.9036
981.0,43.1966
982.0,43.1315
983.0,43.2617
984.0,43.3919
985.0,42.9036
986.0,43.099
987.0,43.2943
988.0,43.2618
989.0,43.3919
990.0,43.1316
991.0,42.6758
992.0,43.2292
993.0,42.9362
994.0,43.0664
995.0,43.2617
996.0,43.099
997.0,42.806
998.0,42.9361
999.0,43.392
1000.0,43.0338
1001.0,43.099
1002.0,43.4245
1003.0,43.2292
1004.0,43.5547
1005.0,43.1641
1006.0,42.6757
1007.0,42.871
1008.0,42.8385
1009.0,43.3269
1010.0,43.1966
1011.0,43.0013
1012.0,43.099
1013.0,43.3594
1014.0,42.9687
1015.0,42.7408
1016.0,42.9362
1017.0,43.5872
1018.0,42.9361
1019.0,43.6198
1020.0,43.7826
1021.0,42.6107
1022.0,44.1081
1023.0,43.099
1024.0,43.4245
1025.0,43.5547
1026.0,43.9127
1027.0,43.0339
1028.0,43.0664
1029.0,42.7409
1030.0,42.8386
1031.0,42.8711
1032.0,43.2943
1033.0,43.1966
1034.0,43.0013
1035.0,43.5872
1036.0,43.3594
1037.0,42.9036
1038.0,43.0339
1039.0,43.5547
1040.0,42.9362
1041.0,43.2943
1042.0,43.2617
1043.0,43.6849
1044.0,43.1641
1045.0,43.1966
1046.0,43.3919
1047.0,43.4896
1048.0,42.513
1049.0,43.1315
1050.0,42.9362
1051.0,43.0339
1052.0,43.6198
1053.0,43.2292
1054.0,43.4896
1055.0,42.5455
1056.0,42.7408
1057.0,43.457
1058.0,43.3268
1059.0,43.7175
1060.0,43.2943
1061.0,43.457
1062.0,43.0013
1063.0,43.392
1064.0,43.1966
1065.0,43.4571
1066.0,43.2292
1067.0,43.1315
1068.0,43.0338
1069.0,43.2618
1070.0,43.0989
1071.0,43.3919
1072.0,42.806
1073.0,36.1003
1074.0,43.099
1075.0,43.457
1076.0,43.0339
1077.0,43.0989
1078.0,43.4245
1079.0,43.2292
1080.0,43.1641
1081.0,43.7826
1082.0,43.4245
1083.0,43.3919
1084.0,43.1966
1085.0,43.0664
1086.0,43.0989
1087.0,42.806
1088.0,43.5872
1089.0,43.392
1090.0,43.2617
1091.0,43.2617
1092.0,43.2943
1093.0,43.0664
1094.0,43.0013
1095.0,43.0338
1096.0,42.9687
1097.0,43.4896
1098.0,42.9687
1099.0,44.1407
1100.0,43.4571
1101.0,44.043
1102.0,43.2292
1103.0,43.1315
1104.0,42.9687
1105.0,43.2617
1106.0,43.2292
1107.0,43.75
1108.0,43.099
1109.0,43.392
1110.0,43.2291
1111.0,43.2292
1112.0,43.4245
1113.0,43.0664
1114.0,43.3594
1115.0,43.2618
1116.0,43.2292
1117.0,43.4245
1118.0,43.0013
1119.0,42.7734
1120.0,43.5221
1121.0,43.4895
1122.0,43.0013
1123.0,42.7409
1124.0,43.75
1125.0,43.1315
1126.0,43.5873
1127.0,43.1641
1128.0,43.0339
1129.0,43.7825
1130.0,43.3268
1131.0,43.0989
1132.0,43.0013
1133.0,43.1315
1134.0,43.2292
1135.0,42.6432
1136.0,43.2617
1137.0,43.4245
1138.0,43.5546
1139.0,42.9688
1140.0,43.4896
1141.0,43.0664
1142.0,43.5221
1143.0,43.0339
1144.0,43.2291
1145.0,43.0338
1146.0,43.4896
1147.0,43.6524
1148.0,43.3268
1149.0,43.5547
1150.0,43.4245
1151.0,42.8059
1152.0,43.5547
1153.0,43.2943
1154.0,43.0664
1155.0,43.5221
1156.0,43.0013
1157.0,43.2943
1158.0,42.9688
1159.0,43.8476
1160.0,43.1641
1161.0,43.1315
1162.0,42.9362
1163.0,43.5222
1164.0,43.3594
1165.0,42.871
1166.0,43.7175
1167.0,43.0664
1168.0,42.8711
1169.0,43.2943
1170.0,43.6198
1171.0,43.2617
1172.0,42.7734
1173.0,43.4896
1174.0,43.3268
1175.0,43.1966
1176.0,43.457
1177.0,43.4245
1178.0,43.4896
1179.0,43.2617
1180.0,36.263
1181.0,43.1641
1182.0,43.5872
1183.0,42.9688
1184.0,36.0351
1185.0,43.3594
1186.0,43.3268
1187.0,43.0664
1188.0,43.0664
1189.0,43.3594
1190.0,43.6198
1191.0,42.9362
1192.0,43.392
1193.0,43.0339
1194.0,43.8802
1195.0,43.164
1196.0,43.2943
1197.0,43.0664
1198.0,43.1315
1199.0,42.8385
1200.0,43.1966
1201.0,43.2618
1202.0,43.2942
1203.0,43.5546
1204.0,43.2942
1205.0,43.1641
1206.0,43.0338
1207.0,43.0338
1208.0,43.0989
1209.0,43.3269
1210.0,43.0013
1211.0,43.0989
1212.0,43.457
1213.0,43.1966
1214.0,43.5221
1215.0,43.6198
1216.0,43.5872
1217.0,43.0989
1218.0,43.6523
1219.0,43.099
1220.0,43.3594
1221.0,43.3594
1222.0,42.806
1223.0,43.457
1224.0,42.9362
1225.0,43.3268
1226.0,43.2617
1227.0,43.0338
1228.0,43.1315
1229.0,42.8385
1230.0,43.6849
1231.0,43.0989
1232.0,43.1641
1233.0,43.2617
1234.0,43.1966
1235.0,43.1966
1236.0,43.2291
1237.0,42.7735
1238.0,43.0013
1239.0,42.9362
1240.0,43.0664
1241.0,43.164
1242.0,43.6849
1243.0,43.3593
1244.0,43.2618
1245.0,43.6524
1246.0,43.164
1247.0,43.2617
1248.0,43.6524
1249.0,43.0664
1250.0,43.2292
1251.0,42.8386
1252.0,43.5873
1253.0,43.1966
1254.0,43.2942
1255.0,42.7083
1256.0,43.2292
1257.0,43.2617
1258.0,43.0664
1259.0,43.2617
1260.0,42.9362
1261.0,43.2291
1262.0,43.3268
1263.0,43.4245
1264.0,43.1966
1265.0,43.4245
1266.0,42.7734
1267.0,43.4571
1268.0,43.7175
1269.0,43.4896
1270.0,43.4245
1271.0,43.4896
1272.0,43.0989
1273.0,43.2943
1274.0,42.9362
1275.0,43.2943
1276.0,43.0664
1277.0,42.6432
1278.0,43.3594
1279.0,43.1641
1280.0,43.5221
1281.0,43.0664
1282.0,43.1966
1283.0,43.0664
1284.0,43.3593
1285.0,43.7826
1286.0,42.7408
1287.0,43.2617
1288.0,42.6757
1289.0,43.392
1290.0,43.1315
1291.0,42.806
1292.0,43.2291
1293.0,43.0664
1294.0,43.3593
1295.0,43.1315
1296.0,43.3268
1297.0,43.164
1298.0,42.9688
1299.0,43.0664
1300.0,43.457
1301.0,42.9037
1302.0,43.5221
1303.0,42.8711
1304.0,43.4245
1305.0,42.9688
1306.0,43.0013
1307.0,43.1966
1308.0,36.0351
1309.0,42.9037
1310.0,43.0338
1311.0,43.7175
1312.0,42.8386
1313.0,43.4245
1314.0,43.1966
1315.0,42.8386
1316.0,43.0989
1317.0,43.0989
1318.0,43.5547
1319.0,42.7734
1320.0,43.0989
1321.0,43.3268
1322.0,43.0664
1323.0,41.6992
1324.0,43.2291
1325.0,43.5221
1326.0,42.8386
1327.0,43.2617
1328.0,43.5547
1329.0,43.2942
1330.0,42.8059
1331.0,43.164
1332.0,43.6198
1333.0,43.5547
1334.0,42.5781
1335.0,43.2618
1336.0,43.5547
1337.0,43.2291
1338.0,42.8385
1339.0,43.1315
1340.0,43.0339
1341.0,42.8059
1342.0,43.164
1343.0,43.164
1344.0,43.5547
1345.0,43.0664
1346.0,36.1979
1347.0,43.75
1348.0,43.0989
1349.0,43.8151
1350.0,36.2631
1351.0,43.2292
1352.0,43.2292
1353.0,43.1641
1354.0,43.0013
1355.0,43.5547
1356.0,36.263
1357.0,43.4896
1358.0,43.2617
1359.0,43.0989
1360.0,42.9362
1361.0,43.2942
1362.0,43.1641
1363.0,43.5221
1364.0,43.6524
1365.0,42.9362
1366.0,43.2291
1367.0,43.1315
1368.0,43.099
1369.0,43.1966
1370.0,43.2292
1371.0,42.6107
1372.0,42.9362
1373.0,43.3919
1374.0,43.0664
1375.0,43.1315
1376.0,43.3269
1377.0,43.164
1378.0,43.3593
1379.0,43.0013
1380.0,42.9362
1381.0,43.457
1382.0,43.1966
1383.0,43.4896
1384.0,43.0339
1385.0,42.8386
1386.0,43.1966
1387.0,43.3593
1388.0,43.5221
1389.0,43.457
1390.0,43.4245
1391.0,42.8711
1392.0,36.1002
1393.0,43.2292
1394.0,43.2292
1395.0,43.1966
1396.0,43.0339
1397.0,43.2942
1398.0,43.0338
1399.0,42.806
1400.0,43.4896
1401.0,43.6849
1402.0,43.1966
1403.0,43.0664
1404.0,35.9701
1405.0,42.9687
1406.0,42.9036
1407.0,43.5547
1408.0,42.7408
1409.0,43.8802
1410.0,43.3919
1411.0,42.8711
1412.0,43.5872
1413.0,43.1966
1414.0,42.806
1415.0,43.3268
1416.0,43.164
1417.0,43.164
1418.0,43.1315
1419.0,43.0664
1420.0,42.9036
1421.0,43.6524
1422.0,43.0339
1423.0,43.3269
1424.0,43.5547
1425.0,42.7083
1426.0,43.6198
1427.0,43.099
1428.0,43.2292
1429.0,43.8151
1430.0,43.1641
1431.0,43.1966
1432.0,42.9037
1433.0,42.9037
1434.0,43.1315
1435.0,42.9036
1436.0,43.2292
1437.0,43.0013
1438.0,43.099
1439.0,43.2617
1440.0,43.3594
1441.0,42.8385
1442.0,43.2943
1443.0,43.3594
1444.0,43.164
1445.0,43.457
1446.0,43.392
1447.0,43.4245
1448.0,44.0755
1449.0,43.3268
1450.0,43.2617
1451.0,43.5547
1452.0,43.3919
1453.0,43.2943
1454.0,43.2617
1455.0,43.2617
1456.0,42.9362
1457.0,42.8385
1458.0,43.457
1459.0,42.9362
1460.0,43.0013
1461.0,43.3919
1462.0,42.8711
1463.0,43.2943
1464.0,43.164
1465.0,43.5547
1466.0,42.9036
1467.0,43.2942
1468.0,43.2943
1469.0,43.5222
1470.0,43.1966
1471.0,43.6197
1472.0,43.4571
1473.0,43.3919
1474.0,43.0339
1475.0,43.1315
1476.0,43.0339
1477.0,43.0013
1478.0,43.1641
1479.0,42.7734
1480.0,43.7174
1481.0,43.5222
1482.0,35.9375
1483.0,43.2291
1484.0,43.6524
1485.0,43.0664
1486.0,42.8711
1487.0,43.2617
1488.0,43.6198
1489.0,42.8385
1490.0,43.2943
1491.0,43.457
1492.0,43.5873
1493.0,42.9688
1494.0,43.3593
1495.0,42.8711
1496.0,43.1315
1497.0,43.2292
1498.0,43.3268
1499.0,42.9688
1500.0,42.8711
1501.0,43.3268
1502.0,43.2618
1503.0,43.457
1504.0,43.2943
1505.0,42.6758
1506.0,36.0352
1507.0,43.392
1508.0,43.2942
1509.0,43.0664
1510.0,42.9687
1511.0,43.1315
1512.0,42.9687
1513.0,43.3919
1514.0,43.2617
1515.0,43.0989
1516.0,35.9701
1517.0,42.7734
1518.0,43.4245
1519.0,43.099
1520.0,42.6758
1521.0,43.3919
1522.0,43.4244
1523.0,43.1315
1524.0,43.2943
1525.0,42.5781
1526.0,43.2292
1527.0,43.2291
1528.0,43.8476
1529.0,43.099
1530.0,43.3268
1531.0,43.457
1532.0,43.3594
1533.0,43.6849
1534.0,42.9688
1535.0,43.1315
1536.0,43.4571
1537.0,43.2292
1538.0,43.2617
1539.0,43.5873
1540.0,43.5222
1541.0,43.4896
1542.0,43.3269
1543.0,43.6524
1544.0,43.0013
1545.0,43.0013
1546.0,42.9688
1547.0,42.9687
1548.0,43.3594
1549.0,43.75
1550.0,42.7409
1551.0,43.4571
1552.0,42.8711
1553.0,43.1966
1554.0,43.2617
1555.0,42.8385
1556.0,43.1315
1557.0,43.1315
1558.0,42.9687
1559.0,36.1654
1560.0,42.9362
1561.0,43.2942
1562.0,43.0339
1563.0,42.8711
1564.0,43.2942
1565.0,43.5873
1566.0,43.0338
1567.0,43.4244
1568.0,43.3593
1569.0,43.3919
1570.0,43.5222
1571.0,42.6432
1572.0,43.5872
1573.0,43.2943
1574.0,42.9687
1575.0,43.099
1576.0,43.3268
1577.0,42.806
1578.0,43.2943
1579.0,43.6198
1580.0,43.1315
1581.0,43.2942
1582.0,43.3919
1583.0,43.392
1584.0,43.4896
1585.0,43.75
1586.0,43.3919
1587.0,42.9362
1588.0,42.806
1589.0,43.0338
1590.0,42.8711
1591.0,43.4895
1592.0,43.2942
1593.0,43.2943
1594.0,43.0013
1595.0,43.457
1596.0,42.9687
1597.0,43.3919
1598.0,43.0664
1599.0,43.0339
1600.0,43.164
1601.0,43.3919
1602.0,43.6198
1603.0,42.9037
1604.0,42.9362
1605.0,41.6341
1606.0,43.0013
1607.0,42.6758
1608.0,43.3268
1609.0,35.9375
1610.0,43.0013
1611.0,43.2617
1612.0,42.6757
1613.0,43.1966
1614.0,42.9362
1615.0,42.8385
1616.0,43.3919
1617.0,43.6524
1618.0,42.7734
1619.0,43.2943
1620.0,43.3594
1621.0,43.2943
1622.0,42.9362
1623.0,43.099
1624.0,43.8151
1625.0,43.2942
1626.0,43.6198
1627.0,43.099
1628.0,44.043
1629.0,43.3593
1630.0,43.4245
1631.0,42.9687
1632.0,43.6198
1633.0,43.2617
1634.0,43.5547
1635.0,43.457
1636.0,43.6198
1637.0,43.457
1638.0,43.3593
1639.0,43.2617
1640.0,43.099
1641.0,43.4896
1642.0,43.457
1643.0,42.9036
1644.0,36.1328
1645.0,43.0338
1646.0,43.3268
1647.0,43.5547
1648.0,43.2943
1649.0,43.1315
1650.0,43.2617
1651.0,43.1315
1652.0,43.2617
1653.0,43.2943
1654.0,43.164
1655.0,43.457
1656.0,42.8711
1657.0,36.1003
1658.0,43.0013
1659.0,43.1966
1660.0,43.4896
1661.0,43.1315
1662.0,43.5547
1663.0,43.2943
1664.0,43.1315
1665.0,42.9036
1666.0,43.3919
1667.0,43.6849
1668.0,42.9688
1669.0,43.457
1670.0,42.8385
1671.0,43.2291
1672.0,43.0664
1673.0,43.3268
1674.0,36.1328
1675.0,43.3268
1676.0,43.2617
1677.0,43.3268
1678.0,36.2305
1679.0,36.263
1680.0,36.2956
1681.0,36.3607
1682.0,36.2305
1683.0,36.2631
1684.0,36.3281
1685.0,36.1328
1686.0,36.263
1687.0,36.2631
1688.0,36.198
1689.0,36.2305
1690.0,36.1328
1691.0,36.1653
1692.0,36.1979
1693.0,39.388
1694.0,39.388
1695.0,39.2252
1696.0,39.3229
1697.0,39.1927
1698.0,39.3554
1699.0,39.388
1700.0,39.2904
1701.0,39.1927
1702.0,39.3555
1703.0,39.1602
1704.0,39.3229
1705.0,39.0625
1706.0,39.1927
1707.0,49.8698
1708.0,40.2669
1709.0,44.0755
1710.0,50.293
1711.0,43.9453
1712.0,45.4753
1713.0,40.2669
1714.0,39.9088
1715.0,49.707
1716.0,39.3555
1717.0,40.3646
1718.0,47.8841
1719.0,47.8516
1720.0,50.0977
1721.0,42.9688
1722.0,43.7826
1723.0,42.4805
1724.0,46.289
1725.0,40.039
1726.0,39.9414
1727.0,43.0013
1728.0,39.8438
1729.0,40.0391
1730.0,42.7083
1731.0,39.4205
1732.0,41.211
1733.0,39.388
1734.0,39.388
1735.0,39.3554
1736.0,39.2253
1737.0,39.9414
1738.0,42.8385
1739.0,39.7461
1740.0,42.2526
1741.0,40.5599
1742.0,41.9271
1743.0,40.0065
1744.0,40.1367
1745.0,40.0716
1746.0,40.2995
1747.0,43.1967
1748.0,39.7786
1749.0,39.5182
1750.0,39.9414
1751.0,40.2994
1752.0,40.3645
1753.0,45.7682
1754.0,40.4622
1755.0,40.2669
1756.0,39.7787
1757.0,39.6158
1758.0,40.2018
1759.0,40.4297
1760.0,45.7683
1761.0,41.569
1762.0,39.5507
1763.0,41.5364
1764.0,40.4297
1765.0,40.0716
1766.0,43.1966
1767.0,40.1367
1768.0,40.0716
1769.0,39.3555
1770.0,39.3229
1771.0,39.6159
1772.0,39.6159
1773.0,39.974
1774.0,40.1041
1775.0,40.0065
1776.0,39.8763
1777.0,39.8763
1778.0,49.056
1779.0,41.6992
1780.0,40.039
1781.0,40.4622
1782.0,41.1784
1783.0,39.681
1784.0,40.2994
1785.0,40.4297
1786.0,40.2018
1787.0,39.974
1788.0,39.7461
1789.0,40.1693
1790.0,39.7786
1791.0,39.974
1792.0,50.3255
1793.0,41.7318
1794.0,40.0065
1795.0,40.332
1796.0,46.1588
1797.0,40.8204
1798.0,40.4296
1799.0,40.9506
1800.0,49.3815
1801.0,50.2279
1802.0,50.0
1803.0,39.2904
1804.0,39.8763
1805.0,39.3229
1806.0,39.1276
1807.0,39.1601
1808.0,39.2578
1809.0,46.9075
1810.0,49.9348
1811.0,50.1628
1812.0,49.3815
1813.0,50.1953
1814.0,48.9584
1815.0,49.8047
1816.0,49.707
1817.0,48.47
1818.0,50.293
1819.0,48.5026
1820.0,49.2513
1821.0,49.414
1822.0,49.9023
1823.0,50.1302
1824.0,47.6563
1825.0,50.0
1826.0,49.9348
1827.0,39.8438
1828.0,42.0247
1829.0,40.7227
1830.0,40.7878
1831.0,39.974
1832.0,40.5273
1833.0,40.3971
1834.0,43.2292
1835.0,39.7135
1836.0,40.0716
1837.0,39.8763
1838.0,39.4856
1839.0,50.0326
1840.0,39.8437
1841.0,42.2851
1842.0,41.4388
1843.0,41.6015
1844.0,39.8437
1845.0,41.3411
1846.0,39.5508
1847.0,40.8529
1848.0,40.1692
1849.0,47.0377
1850.0,40.0391
1851.0,42.3502
1852.0,40.0716
1853.0,39.9089
1854.0,42.7735
1855.0,48.8607
1856.0,42.3177
1857.0,40.4948
1858.0,43.8802
1859.0,39.6809
1860.0,40.2018
1861.0,39.8763
1862.0,41.4388
1863.0,40.2019
1864.0,39.3229
1865.0,40.039
1866.0,47.3307
1867.0,40.0716
1868.0,41.2435
1869.0,41.1458
1870.0,46.1263
1871.0,40.1041
1872.0,40.2994
1873.0,40.2669
1874.0,40.2995
1875.0,39.8112
1876.0,40.039
1877.0,40.3971
1878.0,40.8529
1879.0,40.5924
1880.0,39.3229
1881.0,40.0065
1882.0,39.5183
1883.0,43.75
1884.0,43.6198
1885.0,40.332
1886.0,42.0573
1887.0,40.1041
1888.0,39.9414
1889.0,39.3229
1890.0,39.9739
1891.0,40.1693
1892.0,39.5833
1893.0,39.7787
1894.0,40.2994
1895.0,40.4297
1896.0,48.8281
1897.0,40.8204
1898.0,41.6341
1899.0,39.6158
1900.0,40.7227
1901.0,42.9036
1902.0,40.3971
1903.0,40.3972
1904.0,39.7461
1905.0,39.3554
1906.0,40.332
1907.0,41.4388
1908.0,45.8008
1909.0,48.8606
1910.0,50.0651
1911.0,39.7786
1912.0,39.7461
1913.0,41.0482
1914.0,40.5274
1915.0,40.9831
1916.0,50.5859
1917.0,40.8529
1918.0,40.7552
1919.0,41.276
1920.0,39.5507
1921.0,41.4388
1922.0,40.2343
1923.0,40.9831
1924.0,41.2435
1925.0,42.9036
1926.0,40.5274
1927.0,39.5182
1928.0,39.1276
1929.0,40.4948
1930.0,40.2995
1931.0,44.1081
1932.0,39.6485
1933.0,39.3554
1934.0,42.3177
1935.0,40.9831
1936.0,49.5117
1937.0,43.9453
1938.0,40.0065
1939.0,46.875
1940.0,42.1224
1941.0,44.1731
1942.0,40.5599
1943.0,39.8112
1944.0,40.1367
1945.0,50.0325
1946.0,42.3503
1947.0,40.0391
1948.0,49.8047
1949.0,40.625
1950.0,49.9349
1951.0,43.2292
1952.0,48.5677
1953.0,49.7721
1954.0,50.1302
1955.0,39.9739
1956.0,39.7786
1957.0,49.2188
1958.0,50.2279
1959.0,50.1302
1960.0,40.3971
1961.0,49.8047
1962.0,50.0325
1963.0,46.3541
1964.0,40.9831
1965.0,41.2761
1966.0,40.2018
1967.0,39.3229
1968.0,39.4531
1969.0,39.681
1970.0,40.8528
1971.0,41.8294
1972.0,40.2669
1973.0,40.4297
1974.0,40.4622
1975.0,44.8893
1976.0,41.211
1977.0,40.5924
1978.0,40.2343
1979.0,40.1693
1980.0,50.1954
1981.0,49.8046
1982.0,50.0977
1983.0,50.1302
1984.0,50.7487
1985.0,49.8698
1986.0,46.9726
1987.0,39.6159
1988.0,41.1459
1989.0,39.7136
1990.0,39.6484
1991.0,40.2018
1992.0,40.4622
1993.0,40.0065
1994.0,41.2109
1995.0,41.7643
1996.0,40.4948
1997.0,40.6576
1998.0,39.7135
1999.0,41.1784
2000.0,39.8112
2001.0,40.0716
2002.0,40.2343
2003.0,46.7773
2004.0,41.1784
2005.0,40.5924
2006.0,39.8112
2007.0,39.9088
2008.0,39.8438
2009.0,40.4623
2010.0,39.7786
2011.0,48.9584
2012.0,40.5273
2013.0,40.1042
2014.0,40.9505
2015.0,41.0808
2016.0,41.2435
2017.0,40.5599
2018.0,44.9545
2019.0,39.8763
2020.0,47.2982
2021.0,40.7878
2022.0,39.6159
2023.0,39.8437
2024.0,40.9831
2025.0,45.7357
2026.0,40.2995
2027.0,40.2343
2028.0,40.2018
2029.0,41.6992
2030.0,40.8529
2031.0,39.5507
2032.0,40.6901
2033.0,39.9414
2034.0,40.0716
2035.0,45.2148
2036.0,41.569
2037.0,40.8529
2038.0,42.7408
2039.0,46.0612
2040.0,40.7552
2041.0,42.8711
2042.0,41.2109
2043.0,48.3073
2044.0,40.6901
2045.0,40.3646
2046.0,45.4427
2047.0,39.6159
2048.0,39.9089
2049.0,40.4948
2050.0,41.6992
2051.0,46.7448
2052.0,43.9778
2053.0,40.625
2054.0,39.4205
2055.0,47.0703
2056.0,39.6159
2057.0,40.2019
2058.0,45.7032
2059.0,42.806
2060.0,40.2018
2061.0,39.5182
2062.0,50.1954
2063.0,40.4622
2064.0,40.625
2065.0,41.0807
2066.0,39.6484
2067.0,40.1042
2068.0,40.2994
2069.0,41.7643
2070.0,41.3086
2071.0,40.5274
2072.0,46.7123
2073.0,40.7878
2074.0,40.5274
2075.0,41.6666
2076.0,40.3972
2077.0,40.4947
2078.0,40.2669
2079.0,43.1641
2080.0,40.3971
2081.0,39.5508
2082.0,47.2005
2083.0,40.5599
2084.0,40.2018
2085.0,41.4713
2086.0,40.625
2087.0,50.2604
2088.0,39.9089
2089.0,39.2252
2090.0,39.5508
2091.0,39.7787
2092.0,40.2018
2093.0,40.4297
2094.0,39.681
2095.0,40.9506
2096.0,40.332
2097.0,41.211
2098.0,40.039
2099.0,44.5963
2100.0,45.3776
2101.0,40.2669
2102.0,40.2019
2103.0,40.4622
2104.0,49.6094
2105.0,47.0703
2106.0,49.6419
2107.0,41.4062
2108.0,50.1628
2109.0,50.3255
2110.0,43.2618
2111.0,43.4896
2112.0,40.0065
2113.0,40.5925
2114.0,41.276
2115.0,41.2761
2116.0,39.9739
2117.0,39.5182
2118.0,39.4856
2119.0,43.6524
2120.0,44.4987
2121.0,39.7461
2122.0,50.4232
2123.0,40.625
2124.0,40.6901
2125.0,42.1224
2126.0,40.0065
2127.0,42.4153
2128.0,39.9414
2129.0,46.1914
2130.0,39.7136
2131.0,40.4948
2132.0,39.6159
2133.0,41.1133
2134.0,39.7461
2135.0,40.1693
2136.0,46.1263
2137.0,40.625
2138.0,45.5729
2139.0,42.2201
2140.0,40.1692
2141.0,39.9414
2142.0,40.4948
2143.0,40.5599
2144.0,40.4623
2145.0,39.7461
2146.0,39.9414
2147.0,40.1693
2148.0,40.267
2149.0,40.3646
2150.0,40.4622
2151.0,39.7135
2152.0,40.7878
2153.0,43.0338
2154.0,40.332
2155.0,39.8437
2156.0,44.4336
2157.0,41.7317
2158.0,47.3307
2159.0,39.4531
2160.0,41.4388
2161.0,42.0247
2162.0,40.3971
2163.0,40.9506
2164.0,40.3971
2165.0,39.7461
2166.0,42.0899
2167.0,40.1042
2168.0,40.4297
2169.0,40.2669
2170.0,39.3555
2171.0,39.6485
2172.0,40.0716
2173.0,40.1368
2174.0,40.625
2175.0,40.3645
2176.0,45.4102
2177.0,42.6432
2178.0,40.2344
2179.0,39.9739
2180.0,40.625
2181.0,48.0144
2182.0,40.2018
2183.0,41.2435
2184.0,49.2513
2185.0,42.7083
2186.0,41.3086
2187.0,39.7461
2188.0,51.3672
2189.0,50.1954
2190.0,45.6055
2191.0,47.8191
2192.0,40.6901
2193.0,39.4856
2194.0,40.039
2195.0,43.7175
2196.0,40.2669
2197.0,40.6575
2198.0,40.1367
2199.0,44.3685
2200.0,39.4857
2201.0,40.2018
2202.0,40.2344
2203.0,40.9506
2204.0,40.6901
2205.0,39.8763
2206.0,48.7956
2207.0,42.1875
2208.0,50.3255
2209.0,47.2005
2210.0,40.4948
2211.0,40.4297
2212.0,40.625
2213.0,42.2851
2214.0,40.6901
2215.0,46.7122
2216.0,43.75
2217.0,41.4713
2218.0,44.6614
2219.0,40.918
2220.0,50.8463
2221.0,50.0651
2222.0,40.8204
2223.0,50.0977
2224.0,50.1303
2225.0,50.0
2226.0,39.5508
2227.0,40.5274
2228.0,40.0391
2229.0,43.7174
2230.0,40.2343
2231.0,47.168
2232.0,41.4062
2233.0,40.039
2234.0,41.3086
2235.0,41.6992
2236.0,40.0065
2237.0,40.0065
2238.0,50.0
2239.0,39.8763
2240.0,40.2343
2241.0,42.5781
2242.0,50.0326
2243.0,40.8529
2244.0,49.4466
2245.0,47.1029
2246.0,50.4232
2247.0,48.0469
2248.0,43.457
2249.0,45.8659
2250.0,43.1967
2251.0,40.3646
2252.0,40.9831
2253.0,39.7461
2254.0,40.332
2255.0,40.5924
2256.0,39.9414
2257.0,40.2344
2258.0,40.8529
2259.0,41.3411
2260.0,39.8112
2261.0,39.4531
2262.0,40.8855
2263.0,46.9727
2264.0,41.1459
2265.0,41.0156
2266.0,39.8438
2267.0,40.039
2268.0,40.9506
2269.0,49.0885
2270.0,40.8203
2271.0,39.4856
2272.0,41.6016
2273.0,40.0065
2274.0,39.4531
2275.0,40.332
2276.0,40.6901
2277.0,39.388
2278.0,44.1406
2279.0,43.392
2280.0,40.7553
2281.0,50.2279
2282.0,46.7773
2283.0,40.6576
2284.0,40.0066
2285.0,40.3646
2286.0,41.7317
2287.0,40.2995
2288.0,40.1692
2289.0,39.8112
2290.0,40.0391
2291.0,39.7461
2292.0,39.5182
2293.0,39.4857
2294.0,39.5508
2295.0,39.3229
2296.0,39.9088
2297.0,39.7787
2298.0,41.5364
2299.0,40.2669
2300.0,43.2942
2301.0,41.0156
2302.0,41.1784
2303.0,42.2201
2304.0,46.6145
2305.0,43.3594
2306.0,46.2565
2307.0,41.7968
2308.0,39.7136
2309.0,40.6576
2310.0,40.0065
2311.0,40.2018
2312.0,39.8112
2313.0,39.681
2314.0,39.8112
2315.0,42.3502
2316.0,47.1679
2317.0,41.9922
2318.0,43.0664
2319.0,48.5026
2320.0,40.1367
2321.0,41.4062
2322.0,47.526
2323.0,50.2279
2324.0,50.0977
2325.0,49.707
2326.0,49.9024
2327.0,50.3581
2328.0,50.5534
2329.0,50.4558
2330.0,50.293
2331.0,49.9674
2332.0,49.8698
2333.0,49.8698
2334.0,40.3971
2335.0,47.2981
2336.0,47.2982
2337.0,41.0157
2338.0,40.8529
2339.0,40.918
2340.0,40.8855
2341.0,41.6667
2342.0,43.8151
2343.0,46.2891
2344.0,41.4714
2345.0,40.8203
2346.0,39.3555
2347.0,39.9414
2348.0,40.5924
2349.0,40.2995
2350.0,40.0065
2351.0,39.9414
2352.0,42.8385
2353.0,41.1784
2354.0,40.6576
2355.0,39.6484
2356.0,39.4856
2357.0,39.9414
2358.0,39.5182
2359.0,50.2279
2360.0,40.6576
2361.0,43.3268
2362.0,40.6901
2363.0,40.039
2364.0,40.5274
2365.0,40.1042
2366.0,40.0391
2367.0,43.1641
2368.0,39.9088
2369.0,40.4622
2370.0,40.0065
2371.0,40.2669
2372.0,40.332
2373.0,40.0716
2374.0,39.7787
2375.0,39.8111
2376.0,49.2513
2377.0,39.388
2378.0,40.5925
2379.0,40.625
2380.0,40.332
2381.0,40.6576
2382.0,47.6888
2383.0,40.3321
2384.0,39.6484
2385.0,43.8802
2386.0,39.7787
2387.0,40.6576
2388.0,39.7786
2389.0,40.0391
2390.0,41.6666
2391.0,39.4531
2392.0,39.5833
2393.0,39.6484
2394.0,39.7787
2395.0,40.5599
2396.0,39.388
2397.0,40.4297
2398.0,40.2669
2399.0,40.0065
2400.0,40.3321
2401.0,40.4623
2402.0,40.2344
2403.0,39.8763
2404.0,41.0482
2405.0,40.8854
2406.0,39.8763
2407.0,49.7396
2408.0,39.7135
2409.0,45.6055
2410.0,40.267
2411.0,40.1041
2412.0,40.0716
2413.0,39.9739
2414.0,39.8438
2415.0,40.0065
2416.0,40.039
2417.0,39.7786
2418.0,39.4531
2419.0,39.681
2420.0,42.513
2421.0,40.7878
2422.0,40.7226
2423.0,40.9505
2424.0,41.2761
2425.0,40.4297
2426.0,40.0716
2427.0,40.1042
2428.0,40.8204
2429.0,39.8763
2430.0,40.1041
2431.0,40.8854
2432.0,41.0482
2433.0,40.625
2434.0,47.3308
2435.0,42.8711
2436.0,39.974
2437.0,39.8763
2438.0,39.6484
2439.0,49.8046
2440.0,39.9089
2441.0,41.2109
2442.0,39.8763
2443.0,40.7878
2444.0,40.625
2445.0,39.5182
2446.0,41.4388
2447.0,39.8763
2448.0,47.0378
2449.0,41.0807
2450.0,47.2331
2451.0,45.7682
2452.0,47.1354
2453.0,40.2344
2454.0,41.0482
2455.0,40.2669
2456.0,41.0156
2457.0,40.3971
2458.0,41.3086
2459.0,41.3737
2460.0,40.6576
2461.0,39.6485
2462.0,49.4466
2463.0,39.5833
2464.0,40.332
2465.0,39.7786
2466.0,43.392
2467.0,39.9414
2468.0,42.7735
2469.0,44.3034
2470.0,40.6575
2471.0,40.0716
2472.0,40.625
2473.0,40.7226
2474.0,40.5925
2475.0,40.625
2476.0,40.6901
2477.0,40.7552
2478.0,40.6901
2479.0,40.8203
2480.0,40.3646
2481.0,45.6381
2482.0,40.4948
2483.0,40.1042
2484.0,40.2344
2485.0,40.4297
2486.0,40.9506
2487.0,49.5443
2488.0,39.4531
2489.0,39.6159
2490.0,50.2604
2491.0,50.2279
2492.0,48.3073
2493.0,49.349
2494.0,49.9675
2495.0,51.2696
2496.0,50.293
2497.0,50.4558
2498.0,51.1067
2499.0,50.3581
2500.0,50.3581
2501.0,42.6107
2502.0,50.0
2503.0,50.2604
2504.0,50.0
2505.0,50.4883
2506.0,50.0651
2507.0,50.4558
2508.0,50.1953
2509.0,42.7734
2510.0,49.8047
2511.0,39.7787
2512.0,43.9778
2513.0,41.0482
2514.0,40.5599
2515.0,44.4336
2516.0,42.0573
2517.0,42.3177
2518.0,46.1914
2519.0,43.164
2520.0,50.1303
2521.0,45.4427
2522.0,42.9362
2523.0,40.7877
2524.0,47.3307
2525.0,45.0521
2526.0,43.2292
2527.0,39.974
2528.0,47.2005
2529.0,42.0248
2530.0,39.5507
2531.0,40.5599
2532.0,40.3971
2533.0,40.1693
2534.0,40.6901
2535.0,40.0717
2536.0,41.569
2537.0,40.4948
2538.0,40.0065
2539.0,49.8372
2540.0,40.1692
2541.0,40.0716
2542.0,43.9453
2543.0,39.7135
2544.0,40.0716
2545.0,40.2019
2546.0,40.918
2547.0,40.4297
2548.0,40.9506
2549.0,42.4805
2550.0,44.5638
2551.0,40.1693
2552.0,40.3971
2553.0,40.6901
2554.0,40.625
2555.0,40.6576
2556.0,41.6016
2557.0,40.918
2558.0,44.7917
2559.0,44.043
2560.0,40.3646
2561.0,40.2344
2562.0,39.7787
2563.0,40.625
2564.0,42.8711
2565.0,39.8437
2566.0,50.6185
2567.0,40.625
2568.0,46.0612
2569.0,41.2435
2570.0,40.1367
2571.0,43.8151
2572.0,40.4947
2573.0,40.267
2574.0,40.6575
2575.0,40.2018
2576.0,43.4245
2577.0,39.8763
2578.0,40.0717
2579.0,39.7461
2580.0,40.0391
2581.0,41.0156
2582.0,40.1693
2583.0,42.0898
2584.0,40.8203
2585.0,44.0104
2586.0,49.9675
2587.0,43.392
2588.0,40.7226
2589.0,41.0807
2590.0,42.0573
2591.0,50.944
2592.0,41.4388
2593.0,40.1042
2594.0,40.1367
2595.0,40.6575
2596.0,40.2018
2597.0,40.332
2598.0,44.5638
2599.0,39.2252
2600.0,40.4623
2601.0,41.8294
2602.0,40.2018
2603.0,39.6484
2604.0,39.974
2605.0,49.9674
2606.0,47.2657
2607.0,50.4232
2608.0,50.0651
2609.0,50.6185
2610.0,50.0
2611.0,50.5208
2612.0,50.1302
2613.0,50.1954
2614.0,50.0
2615.0,49.9674
2616.0,51.0417
2617.0,50.1953
2618.0,50.3906
2619.0,50.3581
2620.0,50.1953
2621.0,50.3581
2622.0,50.4557
2623.0,40.7553
2624.0,45.5404
2625.0,47.4935
2626.0,46.9727
2627.0,50.5534
2628.0,40.625
2629.0,47.1029
2630.0,40.2344
2631.0,39.974
2632.0,40.8528
2633.0,40.039
2634.0,39.8112
2635.0,44.401
2636.0,49.2513
2637.0,39.6158
2638.0,40.1693
2639.0,39.8112
2640.0,40.5274
2641.0,41.8294
2642.0,40.4948
2643.0,40.0391
2644.0,45.6706
2645.0,39.9414
2646.0,41.4062
2647.0,39.8112
2648.0,41.1133
2649.0,39.4857
2650.0,40.7552
2651.0,40.5924
2652.0,40.3646
2653.0,40.5599
2654.0,39.6484
2655.0,39.5833
2656.0,40.3971
2657.0,40.3971
2658.0,42.5131
2659.0,41.927
2660.0,41.0808
2661.0,40.918
2662.0,40.4297
2663.0,39.8437
2664.0,42.3828
2665.0,50.3581
2666.0,48.4375
2667.0,50.1628
2668.0,50.1628
2669.0,40.6901
2670.0,41.0156
2671.0,46.0612
2672.0,40.7227
2673.0,50.8789
2674.0,39.8112
2675.0,39.6159
2676.0,50.0977
2677.0,50.0325
2678.0,50.3256
2679.0,49.8372
2680.0,46.1914
2681.0,40.5925
2682.0,40.6901
2683.0,45.8984
2684.0,40.4297
2685.0,41.5364
2686.0,45.9635
2687.0,46.9401
2688.0,48.8281
2689.0,39.8112
2690.0,40.5274
2691.0,43.3919
2692.0,48.1446
2693.0,40.0716
2694.0,40.7878
2695.0,40.4297
2696.0,40.2995
2697.0,42.5131
2698.0,40.2018
2699.0,40.2995
2700.0,41.8619
2701.0,40.6575
2702.0,47.7539
2703.0,40.4623
2704.0,43.1966
2705.0,44.5312
2706.0,47.6562
2707.0,41.8619
2708.0,39.5834
2709.0,48.4375
2710.0,40.3972
2711.0,39.7461
2712.0,40.2995
2713.0,39.4856
2714.0,39.3555
2715.0,39.9739
2716.0,40.3646
2717.0,40.3972
2718.0,40.2995
2719.0,40.9831
2720.0,40.4622
2721.0,40.4948
2722.0,40.9506
2723.0,39.9088
2724.0,40.0065
2725.0,39.5833
2726.0,40.918
2727.0,50.0976
2728.0,46.0938
2729.0,42.7083
2730.0,39.2904
2731.0,44.8568
2732.0,40.7226
2733.0,40.332
2734.0,40.6575
2735.0,40.1041
2736.0,39.9414
2737.0,42.7734
2738.0,43.8476
2739.0,41.1459
2740.0,39.6159
2741.0,43.8151
2742.0,40.0716
2743.0,39.4205
2744.0,39.6809
2745.0,42.513
2746.0,39.9414
2747.0,42.155
2748.0,41.5039
2749.0,39.9414
2750.0,41.6992
2751.0,40.9831
2752.0,39.8763
2753.0,40.918
2754.0,39.7135
2755.0,41.1458
2756.0,40.4297
2757.0,40.1693
2758.0,39.8763
2759.0,40.0391
2760.0,40.7552
2761.0,42.5781
2762.0,39.9089
2763.0,43.0664
2764.0,39.388
2765.0,39.4857
2766.0,39.7135
2767.0,39.681
2768.0,40.3645
2769.0,41.4713
2770.0,40.4947
2771.0,40.3971
2772.0,40.625
2773.0,41.7643
2774.0,39.8763
2775.0,40.7877
2776.0,44.0104
2777.0,40.1042
2778.0,42.9037
2779.0,41.6992
2780.0,40.2669
2781.0,48.7956
2782.0,40.1368
2783.0,39.7786
2784.0,40.5599
2785.0,45.8008
2786.0,40.7878
2787.0,40.1042
2788.0,46.4843
2789.0,39.9414
2790.0,39.6158
2791.0,40.2344
2792.0,40.2669
2793.0,44.6941
2794.0,39.9415
2795.0,40.1693
2796.0,45.573
2797.0,40.7227
2798.0,39.6809
2799.0,39.8112
2800.0,40.6575
2801.0,39.4205
2802.0,42.7084
2803.0,39.8438
2804.0,49.2513
2805.0,40.7226
2806.0,39.6158
2807.0,41.7643
2808.0,42.1549
2809.0,48.8932
2810.0,50.1302
2811.0,50.1303
2812.0,49.9349
2813.0,50.3581
2814.0,49.2188
2815.0,51.7904
2816.0,49.7721
2817.0,49.8697
2818.0,48.9583
2819.0,50.2279
2820.0,48.7304
2821.0,49.9674
2822.0,49.9024
2823.0,50.3581
2824.0,40.0065
2825.0,50.0651
2826.0,50.293
2827.0,50.0977
2828.0,50.2279
2829.0,50.0325
2830.0,49.8698
2831.0,50.944
2832.0,50.5209
2833.0,47.2656
2834.0,43.9127
2835.0,45.931
2836.0,40.7878
2837.0,40.1693
2838.0,42.7409
2839.0,41.569
2840.0,45.9635
2841.0,42.3177
2842.0,39.6484
2843.0,39.681
2844.0,40.8854
2845.0,39.7136
2846.0,41.0482
2847.0,46.1589
2848.0,40.9831
2849.0,43.1966
2850.0,40.4297
2851.0,40.5599
2852.0,40.5599
2853.0,41.2435
2854.0,39.5507
2855.0,41.6341
2856.0,45.8659
2857.0,42.1875
2858.0,39.8112
2859.0,39.8437
2860.0,50.2279
2861.0,40.5599
2862.0,45.0521
2863.0,39.5833
2864.0,41.1459
2865.0,42.6107
2866.0,40.5925
2867.0,39.7461
2868.0,46.517
2869.0,45.28
2870.0,39.9414
2871.0,50.2279
2872.0,40.8854
2873.0,40.7877
2874.0,44.4987
2875.0,39.9414
2876.0,39.2904
2877.0,41.3086
2878.0,41.569
2879.0,40.6901
2880.0,41.8294
2881.0,39.974
2882.0,40.5599
2883.0,40.6576
2884.0,40.3646
2885.0,39.5833
2886.0,40.1042
2887.0,41.6016
2888.0,40.8528
2889.0,40.2344
2890.0,41.0482
2891.0,42.4479
2892.0,49.4466
2893.0,40.3971
2894.0,40.1041
2895.0,40.3972
2896.0,50.1303
2897.0,40.4297
2898.0,40.1693
2899.0,49.8698
2900.0,50.0326
2901.0,50.4232
2902.0,50.1628
2903.0,50.3255
2904.0,49.6419
2905.0,50.7162
2906.0,39.7135
2907.0,50.3906
2908.0,46.7447
2909.0,50.0977
2910.0,50.0651
2911.0,50.6185
2912.0,48.4049
2913.0,40.8203
2914.0,40.7553
2915.0,39.8437
2916.0,39.4857
2917.0,40.2995
2918.0,39.4531
2919.0,39.7786
2920.0,39.3229
2921.0,39.9089
2922.0,40.7552
2923.0,40.2019
2924.0,40.9831
2925.0,39.7461
2926.0,41.2435
2927.0,40.0065
2928.0,49.1862
2929.0,41.4388
2930.0,39.7461
2931.0,39.9739
2932.0,41.8294
2933.0,40.3972
2934.0,43.9779
2935.0,41.0482
2936.0,49.9349
2937.0,41.7968
2938.0,47.2005
2939.0,40.5274
2940.0,40.3971
2941.0,40.0065
2942.0,41.3737
2943.0,41.9271
2944.0,40.2669
2945.0,39.9414
2946.0,39.5508
2947.0,40.8855
2948.0,40.0065
2949.0,41.6667
2950.0,40.2344
2951.0,40.2669
2952.0,40.0716
2953.0,40.4297
2954.0,40.6576
2955.0,40.7552
2956.0,40.4297
2957.0,41.8945
2958.0,40.2995
2959.0,39.5507
2960.0,39.5507
2961.0,44.9544
2962.0,40.625
2963.0,41.211
2964.0,40.0065
2965.0,47.8516
2966.0,47.5586
2967.0,39.6484
2968.0,39.2253
2969.0,43.457
2970.0,50.0326
2971.0,42.4479
2972.0,40.3972
2973.0,41.3086
2974.0,42.448
2975.0,50.3255
2976.0,47.3307
2977.0,40.267
2978.0,39.974
2979.0,39.4857
2980.0,39.6484
2981.0,50.0651
2982.0,40.7552
2983.0,39.8112
2984.0,40.4948
2985.0,48.3398
2986.0,39.7786
2987.0,40.7552
2988.0,42.8711
2989.0,43.3594
2990.0,45.7031
2991.0,40.3971
2992.0,40.5274
2993.0,40.1041
2994.0,49.349
2995.0,39.8763
2996.0,41.6016
2997.0,39.9088
2998.0,40.2995
2999.0,40.5925
3000.0,39.7136
3001.0,41.569
3002.0,42.0898
3003.0,42.6758
3004.0,43.8477
3005.0,48.4049
3006.0,50.4558
3007.0,50.3255
3008.0,50.0977
3009.0,40.5274
3010.0,45.1823
3011.0,50.293
3012.0,47.8842
3013.0,40.9831
3014.0,50.2605
3015.0,45.0196
3016.0,39.8438
3017.0,39.8112
3018.0,46.5169
3019.0,45.4101
3020.0,40.4622
3021.0,39.7787
3022.0,39.974
3023.0,40.0065
3024.0,40.4948
3025.0,42.5781
3026.0,39.6484
3027.0,50.3581
3028.0,49.8372
3029.0,40.2018
3030.0,41.2435
3031.0,40.3971
3032.0,39.8112
3033.0,50.6511
3034.0,40.3646
3035.0,40.1042
3036.0,40.2019
3037.0,39.6809
3038.0,39.7135
3039.0,40.4297
3040.0,40.9505
3041.0,39.7786
3042.0,41.7643
3043.0,39.5182
3044.0,40.5273
3045.0,39.8437
3046.0,39.681
3047.0,44.3033
3048.0,43.1315
3049.0,40.039
3050.0,40.918
3051.0,44.0104
3052.0,40.2018
3053.0,40.3321
3054.0,42.0247
3055.0,50.1627
3056.0,42.513
3057.0,39.4857
3058.0,39.6158
3059.0,41.8619
3060.0,41.8946
3061.0,43.6524
3062.0,41.3737
3063.0,39.7135
3064.0,41.1459
3065.0,41.8294
3066.0,49.6419
3067.0,51.1719
3068.0,51.888
3069.0,39.4856
3070.0,39.4205
3071.0,45.2149
3072.0,40.2344
3073.0,40.8529
3074.0,42.4154
3075.0,42.0573
3076.0,40.9506
3077.0,40.8529
3078.0,41.2435
3079.0,40.2344
3080.0,40.1367
3081.0,40.1042
3082.0,39.9414
3083.0,39.7461
3084.0,39.7786
3085.0,40.5925
3086.0,39.6158
3087.0,40.4622
3088.0,43.8477
3089.0,43.0338
3090.0,40.1693
3091.0,40.3646
3092.0,40.1041
3093.0,39.5833
3094.0,40.2669
3095.0,40.332
3096.0,40.2995
3097.0,40.1693
3098.0,41.6015
3099.0,39.9414
3100.0,39.8437
3101.0,40.1042
3102.0,40.1367
3103.0,41.6016
3104.0,39.3555
3105.0,40.1693
3106.0,39.9739
3107.0,40.625
3108.0,39.4856
3109.0,41.3086
3110.0,43.1316
3111.0,42.7409
3112.0,40.2344
3113.0,49.9674
3114.0,40.6901
3115.0,41.0808
3116.0,39.7461
3117.0,46.4518
3118.0,39.9414
3119.0,49.8372
3120.0,44.9544
3121.0,40.2018
3122.0,48.2747
3123.0,40.6576
3124.0,39.5834
3125.0,40.0716
3126.0,39.7786
3127.0,39.5508
3128.0,40.2018
3129.0,40.0391
3130.0,40.2995
3131.0,40.2344
3132.0,40.0716
3133.0,39.6159
3134.0,40.7226
3135.0,39.5508
3136.0,39.6809
3137.0,39.8438
3138.0,40.3646
3139.0,43.457
3140.0,39.681
3141.0,39.7135
3142.0,39.6809
3143.0,39.7786
3144.0,40.5274
3145.0,39.7461
3146.0,40.2995
3147.0,40.2344
3148.0,40.2669
3149.0,39.1276
3150.0,39.7135
3151.0,41.1458
3152.0,42.4479
3153.0,41.3086
3154.0,39.9414
3155.0,39.8112
3156.0,39.8763
3157.0,40.3646
3158.0,40.9505
3159.0,41.862
3160.0,46.3541
3161.0,40.2995
3162.0,43.8151
3163.0,41.0156
3164.0,41.862
3165.0,40.6576
3166.0,40.4948
3167.0,40.4297
3168.0,40.2994
3169.0,41.8619
3170.0,40.3321
3171.0,43.2617
3172.0,41.3412
3173.0,40.7227
3174.0,40.0716
3175.0,41.4388
3176.0,40.4297
3177.0,47.168
3178.0,41.1784
3179.0,40.625
3180.0,50.0976
3181.0,45.8008
3182.0,40.3646
3183.0,47.9818
3184.0,50.2605
3185.0,46.0286
3186.0,39.681
3187.0,40.1692
3188.0,41.0808
3189.0,41.0156
3190.0,41.6015
3191.0,43.9778
3192.0,41.1133
3193.0,47.4935
3194.0,40.4297
3195.0,40.1367
3196.0,40.4297
3197.0,40.3646
3198.0,49.9023
3199.0,50.1953
3200.0,50.1953
3201.0,48.8281
3202.0,46.6146
3203.0,40.4948
3204.0,48.6653
3205.0,40.1692
3206.0,41.1133
3207.0,39.7135
3208.0,40.8529
3209.0,41.7643
3210.0,42.1549
3211.0,50.0976
3212.0,39.7136
3213.0,39.4205
3214.0,40.2995
3215.0,40.5924
3216.0,39.9089
3217.0,40.6901
3218.0,41.0157
3219.0,40.332
3220.0,40.5274
3221.0,40.5273
3222.0,41.6341
3223.0,39.6159
3224.0,40.5599
3225.0,43.3594
3226.0,45.0846
3227.0,40.2995
3228.0,40.2995
3229.0,49.6744
3230.0,40.7878
3231.0,50.7813
3232.0,40.4948
3233.0,49.1536
3234.0,46.8099
3235.0,39.8763
3236.0,40.5599
3237.0,40.3321
3238.0,40.1693
3239.0,39.8437
3240.0,40.3971
3241.0,39.2578
3242.0,40.3972
3243.0,43.4245
3244.0,40.4948
3245.0,41.2761
3246.0,41.0482
3247.0,48.5026
3248.0,39.7135
3249.0,40.9831
3250.0,44.043
3251.0,40.8529
3252.0,39.8112
3253.0,40.0716
3254.0,40.2669
3255.0,40.1042
3256.0,40.7552
3257.0,39.4856
3258.0,39.8763
3259.0,40.0391
3260.0,40.3971
3261.0,40.6576
3262.0,40.5925
3263.0,41.6015
3264.0,39.8763
3265.0,40.5599
3266.0,40.6575
3267.0,49.2838
3268.0,40.8854
3269.0,40.7552
3270.0,39.7786
3271.0,40.3971
3272.0,39.9089
3273.0,39.4856
3274.0,39.6484
3275.0,39.4206
3276.0,39.5834
3277.0,40.6576
3278.0,40.0716
3279.0,40.4622
3280.0,42.2526
3281.0,39.7461
3282.0,39.681
3283.0,40.625
3284.0,39.5833
3285.0,40.4296
3286.0,40.2018
3287.0,40.3646
3288.0,40.8855
3289.0,39.7786
3290.0,39.9089
3291.0,41.7969
3292.0,40.1042
3293.0,40.1368
3294.0,49.7071
3295.0,50.2279
3296.0,50.293
3297.0,50.6511
3298.0,48.2422
3299.0,40.5599
3300.0,47.7864
3301.0,42.2851
3302.0,49.9674
3303.0,42.5456
3304.0,41.6015
3305.0,40.6901
3306.0,40.8204
3307.0,39.4531
3308.0,40.1693
3309.0,40.1693
3310.0,40.4297
3311.0,39.7135
3312.0,40.3972
3313.0,41.4063
3314.0,40.4948
3315.0,40.9179
3316.0,40.5925
3317.0,39.974
3318.0,40.0391
3319.0,41.5364
3320.0,39.7787
3321.0,40.1368
3322.0,40.5924
3323.0,39.5833
3324.0,40.4297
3325.0,50.1628
3326.0,41.9596
3327.0,39.7786
3328.0,39.9088
3329.0,41.211
3330.0,39.974
3331.0,40.625
3332.0,48.0795
3333.0,41.6992
3334.0,41.0157
3335.0,40.5924
3336.0,40.3321
3337.0,40.2995
3338.0,50.0977
3339.0,41.862
3340.0,40.2994
3341.0,39.6158
3342.0,40.8528
3343.0,39.6809
3344.0,40.5598
3345.0,40.4948
3346.0,40.2018
3347.0,39.5182
3348.0,40.3646
3349.0,46.0287
3350.0,40.5924
3351.0,42.3503
3352.0,40.332
3353.0,41.1133
3354.0,39.0951
3355.0,48.1771
3356.0,41.9271
3357.0,47.6888
3358.0,41.4714
3359.0,41.569
3360.0,41.0156
3361.0,48.6979
3362.0,48.2097
3363.0,50.5208
3364.0,39.9088
3365.0,40.8854
3366.0,40.5924
3367.0,40.4623
3368.0,39.2253
3369.0,40.5599
3370.0,50.1628
3371.0,50.0325
3372.0,50.0325
3373.0,50.6511
3374.0,50.1953
3375.0,44.987
3376.0,51.7252
3377.0,50.3581
3378.0,47.8515
3379.0,51.7253
3380.0,50.3906
3381.0,50.0
3382.0,50.3256
3383.0,40.8529
3384.0,40.983
3385.0,51.7903
3386.0,50.0326
3387.0,50.1303
3388.0,49.9024
3389.0,50.0
3390.0,50.0325
3391.0,50.3581
3392.0,50.2278
3393.0,39.974
3394.0,40.2344
3395.0,50.0977
3396.0,50.3581
3397.0,50.1628
3398.0,50.3907
3399.0,50.2604
3400.0,48.2097
3401.0,40.918
3402.0,50.2279
3403.0,40.8529
3404.0,40.1367
3405.0,40.5599
3406.0,40.5925
3407.0,42.8711
3408.0,41.6341
3409.0,45.8984
3410.0,44.401
3411.0,39.8763
3412.0,40.0065
3413.0,41.0156
3414.0,46.4518
3415.0,40.625
3416.0,40.625
3417.0,40.4297
3418.0,42.6433
3419.0,40.4297
3420.0,39.681
3421.0,42.5456
3422.0,44.1732
3423.0,40.0716
3424.0,40.6575
3425.0,50.2604
3426.0,40.1042
3427.0,44.9544
3428.0,42.0247
3429.0,40.1042
3430.0,51.1393
3431.0,50.1302
3432.0,50.3255
3433.0,50.0651
3434.0,50.2605
3435.0,50.1954
3436.0,41.6992
3437.0,51.888
3438.0,51.3021
3439.0,50.4232
3440.0,50.4558
3441.0,48.0143
3442.0,50.2279
3443.0,50.0326
3444.0,50.3907
3445.0,50.7487
3446.0,47.5586
3447.0,50.7487
3448.0,50.651
3449.0,50.8138
3450.0,40.267
3451.0,40.5924
3452.0,39.5508
3453.0,40.5599
3454.0,44.8242
3455.0,40.8203
3456.0,40.2344
3457.0,49.9349
3458.0,40.8529
3459.0,44.3359
3460.0,40.2344
3461.0,46.6146
3462.0,41.3086
3463.0,45.4427
3464.0,41.6666
3465.0,47.0052
3466.0,42.0573
3467.0,40.3972
3468.0,40.2995
3469.0,40.0391
3470.0,41.3086
3471.0,47.8191
3472.0,44.6289
3473.0,48.1446
3474.0,40.5924
3475.0,40.3646
3476.0,50.6185
3477.0,50.4232
3478.0,40.2344
3479.0,40.918
3480.0,50.4557
3481.0,50.4558
3482.0,47.754
3483.0,50.2604
3484.0,49.8372
3485.0,40.6901
3486.0,44.2057
3487.0,40.5599
3488.0,50.0
3489.0,49.8698
3490.0,39.8763
3491.0,40.918
3492.0,39.8112
3493.0,39.7461
3494.0,40.1693
3495.0,40.2018
3496.0,40.8855
3497.0,39.7136
3498.0,40.6901
3499.0,40.1368
3500.0,49.5442
3501.0,40.0391
3502.0,40.1693
3503.0,40.1042
3504.0,40.8855
3505.0,42.2201
3506.0,40.1693
3507.0,42.6107
3508.0,40.3646
3509.0,40.2018
3510.0,42.3828
3511.0,50.6836
3512.0,40.5599
3513.0,39.6159
3514.0,40.4948
3515.0,41.1458
3516.0,39.974
3517.0,39.8112
3518.0,40.0065
3519.0,47.5586
3520.0,40.3972
3521.0,41.6341
3522.0,48.0144
3523.0,46.3867
3524.0,50.7161
3525.0,41.0807
3526.0,45.6381
3527.0,42.4804
3528.0,41.4062
3529.0,41.1459
3530.0,41.569
3531.0,48.3073
3532.0,39.681
3533.0,40.0391
3534.0,49.9349
3535.0,39.974
3536.0,40.8203
3537.0,42.806
3538.0,46.0287
3539.0,43.5547
3540.0,48.6002
3541.0,49.8047
3542.0,42.1224
3543.0,43.0013
3544.0,49.9349
3545.0,40.5274
3546.0,51.2369
3547.0,49.9023
3548.0,40.3646
3549.0,40.332
3550.0,40.918
3551.0,44.5312
3552.0,40.625
3553.0,46.4192
3554.0,40.5274
3555.0,41.5364
3556.0,40.3321
3557.0,39.974
3558.0,43.4571
3559.0,44.2383
3560.0,46.3542
3561.0,50.1628
3562.0,40.2344
3563.0,46.4518
3564.0,44.0755
3565.0,39.8112
3566.0,40.0716
3567.0,40.1042
3568.0,40.1692
3569.0,45.0846
3570.0,47.7865
3571.0,40.4297
3572.0,41.5365
3573.0,40.1367
3574.0,40.7552
3575.0,40.8203
3576.0,40.1367
3577.0,40.9831
3578.0,44.3359
3579.0,47.7213
3580.0,47.7864
3581.0,50.1953
3582.0,40.5925
3583.0,50.4232
3584.0,50.0
3585.0,50.4232
3586.0,50.3581
3587.0,50.293
3588.0,50.1954
3589.0,49.2188
3590.0,50.5208
3591.0,49.8372
3592.0,50.2279
3593.0,40.1367
3594.0,40.2019
3595.0,50.1628
3596.0,50.586
3597.0,50.0326
3598.0,49.9675
3599.0,50.4558
3600.0,50.1628
3601.0,40.5925
3602.0,40.2995
3603.0,49.6745
3604.0,39.7461
3605.0,42.2201
3606.0,44.401
3607.0,40.332
3608.0,48.8281
3609.0,49.2188
3610.0,50.3256
3611.0,50.5534
3612.0,49.4141
3613.0,49.9349
3614.0,47.4284
3615.0,50.4883
3616.0,50.0
3617.0,39.8437
3618.0,50.1302
3619.0,50.3581
3620.0,50.3581
3621.0,50.6511
3622.0,50.0
3623.0,50.5209
3624.0,50.2604
3625.0,51.5951
3626.0,51.7578
3627.0,50.3906
3628.0,48.8281
3629.0,50.293
3630.0,50.0652
3631.0,50.3906
3632.0,50.4558
3633.0,50.4883
3634.0,50.6511
3635.0,50.3256
3636.0,50.293
3637.0,50.0977
3638.0,50.651
3639.0,50.3581
3640.0,50.3907
3641.0,50.3581
3642.0,50.5209
3643.0,50.0977
3644.0,50.3581
3645.0,51.6276
3646.0,50.5859
3647.0,40.0716
3648.0,50.4883
3649.0,50.293
3650.0,50.6511
3651.0,50.3581
3652.0,49.0885
3653.0,50.2604
3654.0,50.8464
3655.0,40.9831
3656.0,42.4805
3657.0,41.0482
3658.0,50.4557
3659.0,44.1406
3660.0,46.8099
3661.0,41.8945
3662.0,48.8933
3663.0,39.6158
3664.0,40.6575
3665.0,44.3034
3666.0,45.4427
3667.0,40.3972
3668.0,40.7552
3669.0,40.8529
3670.0,45.1172
3671.0,49.9349
3672.0,45.4427
3673.0,45.1172
3674.0,40.8528
3675.0,40.3646
3676.0,44.629
3677.0,41.9922
3678.0,40.1367
3679.0,47.2656
3680.0,50.3255
3681.0,40.8854
3682.0,42.0573
3683.0,49.1211
3684.0,48.9257
3685.0,40.2344
3686.0,41.8945
3687.0,40.8529
3688.0,39.8112
3689.0,40.1368
3690.0,39.4206
3691.0,39.7461
3692.0,40.4297
3693.0,41.211
3694.0,50.5534
3695.0,45.3776
3696.0,40.918
3697.0,39.9088
3698.0,41.2109
3699.0,41.569
3700.0,40.267
3701.0,39.8763
3702.0,40.4623
3703.0,40.4622
3704.0,39.746
3705.0,39.5507
3706.0,40.4297
3707.0,40.4297
3708.0,40.9179
3709.0,41.211
3710.0,40.5273
3711.0,44.987
3712.0,39.7135
3713.0,40.8854
3714.0,40.2019
3715.0,40.3971
3716.0,40.2018
3717.0,40.3646
3718.0,40.4622
3719.0,40.3972
3720.0,40.3646
3721.0,40.3646
3722.0,41.1459
3723.0,39.974
3724.0,39.9088
3725.0,40.2995
3726.0,40.1042
3727.0,40.1367
3728.0,40.4948
3729.0,40.2344
3730.0,39.7786
3731.0,39.9414
3732.0,39.6484
3733.0,50.6836
3734.0,39.9089
3735.0,41.5039
3736.0,41.5364
3737.0,43.6523
3738.0,41.2761
3739.0,39.5833
3740.0,40.0716
3741.0,39.7135
3742.0,39.6159
3743.0,39.7786
3744.0,39.6158
3745.0,39.4531
3746.0,39.7135
3747.0,39.681
3748.0,39.6484
3749.0,39.5833
3750.0,39.6484
3751.0,39.974
3752.0,39.4531
3753.0,43.8476
3754.0,39.8437
3755.0,40.9831
3756.0,40.039
3757.0,40.3646
3758.0,40.2995
3759.0,43.392
3760.0,39.8112
3761.0,40.0716
3762.0,40.7877
3763.0,40.8528
3764.0,40.8854
3765.0,40.4622
3766.0,40.9831
3767.0,39.7461
3768.0,41.276
3769.0,39.7461
3770.0,40.2344
3771.0,42.2526
3772.0,41.9922
3773.0,42.4479
3774.0,46.5494
3775.0,41.5365
3776.0,40.1693
3777.0,40.2344
3778.0,40.6575
3779.0,50.2279
3780.0,50.0
3781.0,50.4232
3782.0,50.3256
3783.0,50.1953
3784.0,50.4232
3785.0,51.2695
3786.0,52.2135
3787.0,51.1068
3788.0,50.5208
3789.0,50.3907
3790.0,50.8464
3791.0,50.0326
3792.0,50.3255
3793.0,50.5859
3794.0,50.293
3795.0,50.1953
3796.0,50.5534
3797.0,51.1719
3798.0,51.9857
3799.0,50.3255
3800.0,40.4948
3801.0,50.3255
3802.0,51.7252
3803.0,50.4557
3804.0,50.293
3805.0,50.2605
3806.0,50.5534
3807.0,50.3255
3808.0,50.5208
3809.0,50.4232
3810.0,50.5209
3811.0,52.0182
3812.0,49.1862
3813.0,50.586
3814.0,50.2279
3815.0,50.0976
3816.0,50.0326
3817.0,50.1302
3818.0,50.293
3819.0,51.7252
3820.0,50.3906
3821.0,50.4883
3822.0,50.7161
3823.0,50.1628
3824.0,50.4558
3825.0,49.6419
3826.0,50.4883
3827.0,50.4557
3828.0,50.3256
3829.0,50.3255
3830.0,50.0651
3831.0,50.293
3832.0,50.4883
3833.0,50.293
3834.0,52.1484
3835.0,50.3255
3836.0,50.1954
3837.0,50.6836
3838.0,50.7487
3839.0,50.1954
3840.0,50.6511
3841.0,52.1159
3842.0,52.0834
3843.0,50.4883
3844.0,51.6927
3845.0,50.5208
3846.0,50.5208
3847.0,50.4883
3848.0,51.4648
3849.0,50.1303
3850.0,50.1953
3851.0,50.4883
3852.0,52.3437
3853.0,50.2279
3854.0,50.2279
3855.0,50.2605
3856.0,50.6185
3857.0,50.1628
3858.0,50.293
3859.0,50.1628
3860.0,50.293
3861.0,52.1159
3862.0,50.2279
3863.0,49.4792
3864.0,50.3255
3865.0,50.1953
3866.0,50.2279
3867.0,50.5859
3868.0,50.651
3869.0,50.6511
3870.0,50.6836
3871.0,50.2604
3872.0,50.3256
3873.0,40.4297
3874.0,50.8789
3875.0,50.9115
3876.0,50.7162
3877.0,50.6185
3878.0,50.4558
3879.0,50.1954
3880.0,50.2604
3881.0,51.6927
3882.0,50.4232
3883.0,50.7162
3884.0,50.3907
3885.0,50.3255
3886.0,50.3906
3887.0,50.3906
3888.0,50.4232
3889.0,50.293
3890.0,50.3907
3891.0,50.0977
3892.0,50.293
3893.0,50.5208
3894.0,49.8372
3895.0,50.5208
3896.0,50.7487
3897.0,50.3256
3898.0,50.1954
3899.0,50.2604
3900.0,50.4232
3901.0,50.293
3902.0,50.293
3903.0,50.5534
3904.0,50.3581
3905.0,50.4883
3906.0,50.4883
3907.0,50.5208
3908.0,50.5534
3909.0,50.5534
3910.0,50.3581
3911.0,50.3256
3912.0,39.5833
3913.0,39.7135
3914.0,39.6809
3915.0,39.5508
3916.0,39.2253
3917.0,39.4857
3918.0,39.4205
3919.0,39.388
3920.0,39.2578
3921.0,39.4205
3922.0,39.4531
3923.0,39.4856
3924.0,39.4206
3925.0,39.5507
3926.0,39.2903
3927.0,39.4206
3928.0,39.4531
3929.0,39.4206
3930.0,39.2903
3931.0,39.4206
3932.0,39.2904
3933.0,39.4531
3934.0,39.3229
3935.0,39.2904
3936.0,39.1276
3937.0,39.3229
3938.0,39.4856
3939.0,39.4205
3940.0,39.1602
3941.0,39.2252
3942.0,39.2904
3943.0,39.2253
3944.0,39.5508
3945.0,39.2578
3946.0,39.4856
3947.0,39.2253
3948.0,39.2904
3949.0,39.3555
3950.0,39.2578
3951.0,39.4856
3952.0,39.1602
3953.0,39.2578
3954.0,39.4205
3955.0,39.2253
3956.0,39.2578
3957.0,39.2578
3958.0,39.095
3959.0,39.2903
3960.0,39.1601
3961.0,39.4531
3962.0,39.0951
3963.0,39.1602
3964.0,39.3229
3965.0,39.2253
3966.0,39.2903
3967.0,39.2904
3968.0,39.3229
3969.0,39.4857
3970.0,39.4205
3971.0,39.3554
3972.0,39.388
3973.0,39.2903
3974.0,39.1601
3975.0,39.4206
3976.0,39.2578
3977.0,39.2252
3978.0,39.388
3979.0,39.3555
3980.0,39.3554
3981.0,39.2904
3982.0,39.3555
3983.0,39.0625
3984.0,39.1927
3985.0,39.4531
3986.0,39.2253
3987.0,39.1601
3988.0,39.3555
3989.0,39.5182
3990.0,39.388
3991.0,39.388
3992.0,39.388
3993.0,39.4206
3994.0,39.2578
3995.0,39.2904
3996.0,39.2578
3997.0,39.3229
3998.0,39.0625
3999.0,38.9974
4000.0,39.2904
4001.0,39.2904
4002.0,39.3229
4003.0,39.388
4004.0,39.1276
4005.0,39.3555
4006.0,39.0625
4007.0,39.4856
4008.0,39.1927
4009.0,39.2253
4010.0,39.1927
4011.0,39.1276
4012.0,39.2252
4013.0,39.3554
4014.0,39.4531
4015.0,39.2578
4016.0,39.2904
4017.0,39.3555
4018.0,39.3554
4019.0,39.0625
4020.0,39.388
4021.0,39.0625
4022.0,39.2252
4023.0,39.2903
4024.0,39.1276
4025.0,38.9649
4026.0,39.2904
4027.0,39.4205
4028.0,39.2578
4029.0,39.4206
4030.0,39.388
4031.0,39.1602
4032.0,39.4531
4033.0,39.2253
4034.0,39.3554
4035.0,39.1276
4036.0,39.1601
4037.0,39.1602
4038.0,39.2903
4039.0,39.095
4040.0,39.0951
4041.0,39.1276
4042.0,39.095
4043.0,39.2253
4044.0,39.3555
4045.0,39.1276
4046.0,39.0951
4047.0,39.1276
4048.0,39.2252
4049.0,39.2253
4050.0,39.095
4051.0,39.2252
4052.0,39.2252
4053.0,38.9323
4054.0,39.0625
4055.0,39.0299
4056.0,39.0625
4057.0,39.0625
4058.0,39.0951
4059.0,39.3229
4060.0,39.1601
4061.0,39.1927
4062.0,39.2252
4063.0,39.681
4064.0,38.9323
4065.0,39.2903
4066.0,39.1276
4067.0,39.4531
4068.0,38.9649
4069.0,38.9974
4070.0,39.2904
4071.0,39.0625
4072.0,39.2253
4073.0,39.0625
4074.0,39.095
4075.0,39.4531
4076.0,39.0625
4077.0,39.095
4078.0,39.1601
4079.0,39.1276
4080.0,39.2903
4081.0,39.3554
4082.0,39.2578
4083.0,39.2904
4084.0,39.1927
4085.0,39.3229
4086.0,39.2904
4087.0,39.3554
4088.0,39.2252
4089.0,39.7786
4090.0,39.4857
4091.0,39.1927
4092.0,39.1927
4093.0,39.0625
4094.0,39.1276
4095.0,39.1276
4096.0,39.1601
4097.0,39.1927
4098.0,39.2578
4099.0,39.5182
4100.0,39.1927
4101.0,39.2578
4102.0,39.3555
4103.0,39.4206
4104.0,39.1602
4105.0,39.1601
4106.0,39.1927
4107.0,39.2903
4108.0,39.3229
4109.0,39.2903
4110.0,39.388
4111.0,39.3554
4112.0,39.4206
4113.0,39.2253
4114.0,39.2252
4115.0,39.2253
4116.0,39.1276
4117.0,39.2904
4118.0,39.3229
4119.0,39.5833
4120.0,39.4206
4121.0,39.2252
4122.0,39.2578
4123.0,39.388
4124.0,39.3229
4125.0,39.2578
4126.0,39.2578
4127.0,39.2903
4128.0,39.2252
4129.0,39.4531
4130.0,39.2578
4131.0,39.2253
4132.0,39.2904
4133.0,39.2904
4134.0,39.2578
4135.0,39.3229
4136.0,39.388
4137.0,39.1927
4138.0,39.4205
4139.0,39.2578
4140.0,39.3229
4141.0,39.4206
4142.0,39.0951
4143.0,39.2903
4144.0,39.2252
4145.0,39.1927
4146.0,39.1927
4147.0,39.2578
4148.0,39.2578
4149.0,39.2578
4150.0,39.1276
4151.0,39.2252
4152.0,39.2253
4153.0,39.6159
4154.0,39.1276
4155.0,39.1276
4156.0,39.1927
4157.0,39.3555
4158.0,39.2578
4159.0,39.2578
4160.0,39.3229
4161.0,39.1602
4162.0,39.4857
4163.0,39.388
4164.0,39.1276
4165.0,39.3555
4166.0,39.2252
4167.0,39.095
4168.0,39.1927
4169.0,39.4206
4170.0,39.681
4171.0,39.3554
4172.0,39.3229
4173.0,39.1276
4174.0,39.1927
4175.0,39.3554
4176.0,39.1927
4177.0,39.0951
4178.0,39.2252
4179.0,39.2252
4180.0,39.2578
4181.0,39.2904
4182.0,38.9974
4183.0,39.1276
4184.0,39.2252
4185.0,39.2903
4186.0,39.3229
4187.0,39.2253
4188.0,39.2578
4189.0,39.5182
4190.0,39.2578
4191.0,39.1601
4192.0,39.1276
4193.0,39.2253
4194.0,39.2252
4195.0,39.1927
4196.0,39.3555
4197.0,39.1927
4198.0,39.2578
4199.0,39.0625
4200.0,39.0951
4201.0,39.0951
4202.0,39.1927
4203.0,39.1276
4204.0,39.3554
4205.0,39.2578
4206.0,39.1927
4207.0,39.4206
4208.0,39.2578
4209.0,39.2578
4210.0,39.0625
4211.0,39.3554
4212.0,39.2253
4213.0,39.2578
4214.0,39.095
4215.0,39.2578
4216.0,39.1927
4217.0,39.1602
4218.0,39.1601
4219.0,39.2252
4220.0,39.1601
4221.0,39.4205
4222.0,39.0625
4223.0,39.2904
4224.0,39.1602
4225.0,39.1602
4226.0,39.2578
4227.0,39.2252
4228.0,39.0299
4229.0,39.1601
4230.0,39.1276
4231.0,38.9974
4232.0,39.1927
4233.0,39.1276
4234.0,39.2253
4235.0,39.0299
4236.0,39.095
4237.0,39.1927
4238.0,39.0951
4239.0,38.9974
4240.0,39.0625
4241.0,39.1276
4242.0,39.03
4243.0,38.8672
4244.0,38.9649
4245.0,39.2903
4246.0,39.1601
4247.0,39.0625
4248.0,39.1276
4249.0,39.1276
4250.0,39.03
4251.0,39.2578
4252.0,39.0625
4253.0,39.1601
4254.0,39.1602
4255.0,39.1276
4256.0,39.0951
4257.0,39.0951
4258.0,39.4531
4259.0,38.9974
4260.0,39.1602
4261.0,39.03
4262.0,38.9649
4263.0,39.1602
4264.0,39.1927
4265.0,38.9974
4266.0,39.0299
4267.0,38.9648
4268.0,39.095
4269.0,39.1276
4270.0,39.1927
4271.0,39.095
4272.0,39.0625
4273.0,39.0951
4274.0,39.0299
4275.0,39.1602
4276.0,39.1927
4277.0,39.0951
4278.0,39.1601
4279.0,39.1276
4280.0,39.0951
4281.0,39.03
4282.0,39.1602
4283.0,39.0625
4284.0,39.095
4285.0,39.0625
4286.0,39.03
4287.0,38.8672
4288.0,39.1602
4289.0,38.9648
4290.0,39.03
4291.0,39.1276
4292.0,39.0299
4293.0,39.1927
4294.0,39.0625
4295.0,39.0299
4296.0,39.2578
4297.0,39.1602
4298.0,39.1927
4299.0,39.1927
4300.0,39.095
4301.0,39.2252
4302.0,39.2253
4303.0,39.095
4304.0,39.0625
4305.0,39.03
4306.0,39.2578
4307.0,39.1276
4308.0,39.0625
4309.0,39.3229
4310.0,39.1601
4311.0,39.2578
4312.0,39.388
4313.0,39.0299
4314.0,39.1601
4315.0,39.5507
4316.0,39.388
4317.0,39.2253
4318.0,39.2578
4319.0,39.2253
4320.0,39.0951
4321.0,38.9649
4322.0,39.0625
4323.0,39.0951
4324.0,39.1276
4325.0,39.0299
4326.0,39.1601
4327.0,39.1927
4328.0,39.0299
4329.0,39.0951
4330.0,39.2578
4331.0,39.1276
4332.0,39.2252
4333.0,39.1927
4334.0,39.1927
4335.0,39.0625
4336.0,38.9974
4337.0,39.1276
4338.0,39.1601
4339.0,39.0625
4340.0,39.2578
4341.0,39.1276
4342.0,38.9974
4343.0,39.0951
4344.0,39.1602
4345.0,39.1602
4346.0,39.0625
4347.0,39.03
4348.0,38.9648
4349.0,39.0951
4350.0,39.03
4351.0,39.1276
4352.0,39.0625
4353.0,39.1601
4354.0,38.9323
4355.0,39.03
4356.0,39.1601
4357.0,39.0299
4358.0,39.0951
4359.0,38.9974
4360.0,39.0625
4361.0,39.2253
4362.0,39.095
4363.0,38.9974
4364.0,39.0625
4365.0,38.9974
4366.0,39.2578
4367.0,39.1601
4368.0,39.095
4369.0,39.1601
4370.0,38.9323
4371.0,39.2904
4372.0,38.9323
4373.0,39.1602
4374.0,39.2252
4375.0,39.0625
4376.0,39.1276
4377.0,39.095
4378.0,38.9974
4379.0,38.9974
4380.0,39.0299
4381.0,39.0625
4382.0,39.095
4383.0,39.1276
4384.0,39.0951
4385.0,39.1276
4386.0,39.1602
4387.0,39.1276
4388.0,39.1276
4389.0,39.1276
4390.0,39.1927
4391.0,39.1601
4392.0,39.0625
4393.0,38.9974
4394.0,39.0625
4395.0,39.2252
4396.0,39.2252
4397.0,39.1927
4398.0,39.2904
4399.0,39.1601
4400.0,38.9323
4401.0,38.9649
4402.0,39.0625
4403.0,38.9974
4404.0,39.1276
4405.0,38.9974
4406.0,39.1927
4407.0,39.0625
4408.0,38.9649
4409.0,38.9648
4410.0,38.9648
4411.0,39.0625
4412.0,38.9974
4413.0,39.03
4414.0,39.1602
4415.0,39.0625
4416.0,39.1927
4417.0,39.2903
4418.0,38.9323
4419.0,39.0625
4420.0,39.0625
4421.0,39.095
4422.0,39.2578
4423.0,38.9648
4424.0,38.9323
4425.0,39.0625
4426.0,39.03
4427.0,38.9974
4428.0,38.8347
4429.0,38.9974
4430.0,39.1602
4431.0,39.1602
4432.0,39.1602
4433.0,38.9648
4434.0,39.0625
4435.0,39.1276
4436.0,38.8672
4437.0,38.9648
4438.0,39.03
4439.0,38.9323
4440.0,39.0625
4441.0,39.0951
4442.0,38.9323
4443.0,39.1601
4444.0,39.1276
4445.0,38.8672
4446.0,38.9323
4447.0,39.0299
4448.0,38.9974
4449.0,39.2903
4450.0,39.1276
4451.0,39.095
4452.0,38.9648
4453.0,39.1276
4454.0,38.9649
4455.0,39.0625
4456.0,39.0625
4457.0,38.9974
4458.0,39.03
4459.0,39.0625
4460.0,38.9323
4461.0,39.0625
4462.0,38.9974
4463.0,38.9323
4464.0,38.9974
4465.0,39.0625
4466.0,38.9649
4467.0,39.0299
4468.0,39.0625
4469.0,39.095
4470.0,39.0625
4471.0,39.095
4472.0,39.0625
4473.0,38.9974
4474.0,39.1601
4475.0,39.0299
4476.0,39.2253
4477.0,39.1276
4478.0,38.9974
4479.0,39.1276
4480.0,39.1276
4481.0,39.1602
4482.0,39.03
4483.0,39.0625
4484.0,39.0951
4485.0,39.1276
4486.0,39.0299
4487.0,39.1927
4488.0,39.0951
4489.0,39.0951
4490.0,39.03
4491.0,38.9974
4492.0,38.8997
4493.0,38.9323
4494.0,38.9648
4495.0,39.1601
4496.0,39.0951
4497.0,39.095
4498.0,38.9323
4499.0,39.0299
4500.0,38.9648
4501.0,39.1276
4502.0,39.0625
4503.0,39.03
4504.0,38.9648
4505.0,39.0625
4506.0,39.095
4507.0,39.095
4508.0,38.9974
4509.0,39.0625
4510.0,38.9974
4511.0,38.9323
4512.0,39.03
4513.0,39.0625
4514.0,39.1276
4515.0,39.1276
4516.0,38.9974
4517.0,39.095
4518.0,38.9648
4519.0,39.0625
4520.0,38.9648
4521.0,38.8997
4522.0,39.095
4523.0,39.1276
4524.0,39.0625
4525.0,38.9974
4526.0,38.9648
4527.0,38.8346
4528.0,38.9323
4529.0,39.03
4530.0,39.0625
4531.0,39.0299
4532.0,39.0625
4533.0,39.0625
4534.0,38.9974
4535.0,39.0625
4536.0,39.03
4537.0,39.1927
4538.0,39.0951
4539.0,39.1276
4540.0,39.1602
4541.0,38.9974
4542.0,39.1602
4543.0,39.1276
4544.0,38.9649
4545.0,38.9648
4546.0,38.9648
4547.0,39.1927
4548.0,39.1276
4549.0,39.0951
4550.0,39.0625
4551.0,39.0299
4552.0,39.1276
4553.0,38.9648
4554.0,38.9974
4555.0,39.1601
4556.0,39.1276
4557.0,39.0299
4558.0,39.1601
4559.0,39.1602
4560.0,38.9974
4561.0,38.9648
4562.0,39.0951
4563.0,39.03
4564.0,39.0625
4565.0,39.095
4566.0,39.1602
4567.0,39.095
4568.0,38.8997
4569.0,38.9648
4570.0,39.095
4571.0,39.2903
4572.0,38.9649
4573.0,38.9648
4574.0,39.0299
4575.0,38.9974
4576.0,39.1276
4577.0,39.03
4578.0,39.0951
4579.0,39.1927
4580.0,38.9974
4581.0,38.9648
4582.0,39.0625
4583.0,39.0625
4584.0,39.095
4585.0,38.9323
4586.0,38.9648
4587.0,39.03
4588.0,38.8997
4589.0,39.0951
4590.0,38.9974
4591.0,39.0625
4592.0,39.0625
4593.0,38.8997
4594.0,39.0951
4595.0,39.1927
4596.0,39.0625
4597.0,39.03
4598.0,39.1276
4599.0,38.8998
4600.0,39.0299
4601.0,38.9649
4602.0,39.0951
4603.0,38.9649
4604.0,39.1601
4605.0,39.0625
4606.0,39.1276
4607.0,39.0625
4608.0,39.0625
4609.0,39.0625
4610.0,39.0625
4611.0,39.0951
4612.0,38.9648
4613.0,39.1927
4614.0,39.1602
4615.0,39.1927
4616.0,38.9649
4617.0,38.9974
4618.0,39.1276
4619.0,38.9648
4620.0,39.1276
4621.0,38.9649
4622.0,39.03
4623.0,38.9974
4624.0,39.03
4625.0,38.9648
4626.0,39.0625
4627.0,39.0625
4628.0,38.9649
4629.0,38.8998
4630.0,39.0299
4631.0,39.0625
4632.0,39.0625
4633.0,39.0625
4634.0,39.1927
4635.0,38.9974
4636.0,38.9974
4637.0,39.1276
4638.0,38.9649
4639.0,39.03
4640.0,39.095
4641.0,39.095
4642.0,39.0951
4643.0,38.9649
4644.0,39.0625
4645.0,39.0625
4646.0,38.9649
4647.0,38.9323
4648.0,39.1276
4649.0,39.03
4650.0,38.9974
4651.0,39.1276
4652.0,38.9648
4653.0,39.095
4654.0,39.0625
4655.0,39.1602
4656.0,39.0299
4657.0,38.9323
4658.0,39.095
4659.0,38.9974
4660.0,39.0625
4661.0,38.9323
4662.0,39.1927
4663.0,39.095
4664.0,38.9974
4665.0,39.0625
4666.0,39.1601
4667.0,39.0625
4668.0,39.0625
4669.0,39.095
4670.0,38.9974
4671.0,39.0625
4672.0,39.3229
4673.0,39.0299
4674.0,39.0299
4675.0,39.03
4676.0,39.1276
4677.0,38.9649
4678.0,39.1276
4679.0,38.9649
4680.0,39.095
4681.0,39.0951
4682.0,38.9323
4683.0,38.9323
4684.0,39.2578
4685.0,39.1602
4686.0,39.2903
4687.0,39.1276
4688.0,39.2578
4689.0,39.1602
4690.0,39.095
4691.0,39.1276
4692.0,39.1276
4693.0,39.2252
4694.0,39.0625
4695.0,39.1276
4696.0,38.9974
4697.0,39.1927
4698.0,39.0299
4699.0,39.1276
4700.0,39.03
4701.0,39.1276
4702.0,39.3229
4703.0,39.2578
4704.0,39.095
4705.0,39.2578
4706.0,39.1276
4707.0,39.1927
4708.0,38.9649
4709.0,39.1927
4710.0,38.9974
4711.0,39.2252
4712.0,39.095
4713.0,39.2253
4714.0,39.1602
4715.0,39.1601
4716.0,39.0625
4717.0,39.1276
4718.0,39.1927
4719.0,39.095
4720.0,39.1276
4721.0,39.095
4722.0,39.1927
4723.0,39.1601
4724.0,39.1601
4725.0,39.1601
4726.0,39.3229
4727.0,38.9974
4728.0,38.9974
4729.0,39.1602
4730.0,39.1276
4731.0,39.2578
4732.0,39.2253
4733.0,39.1927
4734.0,39.3229
4735.0,39.0951
4736.0,39.0951
4737.0,38.9648
4738.0,39.0625
4739.0,39.2578
4740.0,38.9974
4741.0,39.1602
4742.0,39.1276
4743.0,39.2578
4744.0,39.1276
4745.0,39.0625
4746.0,39.0625
4747.0,39.1602
4748.0,39.1927
4749.0,39.1276
4750.0,39.0625
4751.0,39.1927
4752.0,39.1927
4753.0,39.2578
4754.0,38.9974
4755.0,39.095
4756.0,39.1276
4757.0,39.1276
4758.0,39.2578
4759.0,38.9974
4760.0,39.1276
4761.0,39.2252
4762.0,39.1276
4763.0,39.2578
4764.0,39.2252
4765.0,39.1602
4766.0,39.1602
4767.0,39.0625
4768.0,39.095
4769.0,39.1601
4770.0,39.1602
4771.0,39.2903
4772.0,39.2903
4773.0,39.1276
4774.0,39.1602
4775.0,39.1276
4776.0,39.0625
4777.0,39.1601
4778.0,39.1602
4779.0,39.0951
4780.0,39.1602
4781.0,39.0625
4782.0,39.095
4783.0,39.0951
4784.0,39.0625
4785.0,39.0625
4786.0,39.1601
4787.0,39.03
4788.0,39.1601
4789.0,39.1927
4790.0,39.03
4791.0,39.2903
4792.0,39.0951
4793.0,39.1276
4794.0,39.0951
4795.0,39.1927
4796.0,39.1927
4797.0,39.1601
4798.0,39.095
4799.0,39.1276
4800.0,39.2253
4801.0,39.1927
4802.0,39.1927
4803.0,39.0951
4804.0,39.1601
4805.0,39.0951
4806.0,39.0625
4807.0,39.2253
4808.0,39.2252
4809.0,39.1276
4810.0,39.1276
4811.0,39.1276
4812.0,39.1276
4813.0,39.2578
4814.0,39.095
4815.0,39.1276
4816.0,39.2253
4817.0,39.2252
4818.0,39.1927
4819.0,39.2252
4820.0,39.1601
4821.0,39.1276
4822.0,39.0625
4823.0,39.03
4824.0,39.03
4825.0,39.1276
4826.0,39.1276
4827.0,39.0299
4828.0,39.2578
4829.0,39.1601
4830.0,39.095
4831.0,39.1276
4832.0,39.2578
4833.0,39.2253
4834.0,38.9974
4835.0,39.1601
4836.0,39.0951
4837.0,39.2252
4838.0,39.1276
4839.0,39.1602
4840.0,39.2253
4841.0,39.1927
4842.0,39.1927
4843.0,39.1927
4844.0,39.2578
4845.0,39.03
4846.0,39.1276
4847.0,39.0951
4848.0,39.2252
4849.0,39.1927
4850.0,39.1602
4851.0,39.1601
4852.0,39.2252
4853.0,39.1276
4854.0,39.0625
4855.0,39.0951
4856.0,39.1276
4857.0,39.2252
4858.0,39.1927
4859.0,39.0951
4860.0,39.1927
4861.0,39.4205
4862.0,39.1602
4863.0,39.2253
4864.0,39.2252
4865.0,39.3229
4866.0,39.1276
4867.0,39.0625
4868.0,39.1602
4869.0,39.095
4870.0,39.1276
4871.0,39.1601
4872.0,38.9648
4873.0,39.0299
4874.0,38.8021
4875.0,39.0625
4876.0,38.9323
4877.0,38.9974
4878.0,39.0625
4879.0,38.8672
4880.0,39.03
4881.0,39.0299
4882.0,39.0299
4883.0,39.03
4884.0,39.0625
4885.0,38.9649
4886.0,39.0299
4887.0,38.9974
4888.0,39.1276
4889.0,39.095
4890.0,38.9974
4891.0,38.9974
4892.0,38.9974
4893.0,39.095
4894.0,39.095
4895.0,38.9323
4896.0,39.0951
4897.0,38.9974
4898.0,39.0951
4899.0,38.8998
4900.0,39.03
4901.0,39.1276
4902.0,38.9323
4903.0,38.9323
4904.0,39.0299
4905.0,39.095
4906.0,39.03
4907.0,38.9974
4908.0,38.8672
4909.0,39.1927
4910.0,39.1927
4911.0,39.0951
4912.0,38.8997
4913.0,38.9974
4914.0,39.1276
4915.0,38.9323
4916.0,38.9974
4917.0,39.1276
4918.0,39.1276
4919.0,38.9323
4920.0,38.9974
4921.0,38.9323
4922.0,39.1276
4923.0,38.9649
4924.0,39.1276
4925.0,38.8021
4926.0,38.8997
4927.0,39.1601
4928.0,39.0625
4929.0,38.9974
4930.0,39.0625
4931.0,38.9974
4932.0,39.03
4933.0,39.03
4934.0,38.9648
4935.0,38.9974
4936.0,38.9974
4937.0,38.9974
4938.0,38.9323
4939.0,39.03
4940.0,38.9323
4941.0,39.0299
4942.0,39.1276
4943.0,38.8998
4944.0,38.8347
4945.0,38.9323
4946.0,38.8672
4947.0,39.0625
4948.0,38.9323
4949.0,39.0625
4950.0,38.9649
4951.0,38.8672
4952.0,38.9649
4953.0,38.9323
4954.0,39.1276
4955.0,39.095
4956.0,39.1276
4957.0,38.8672
4958.0,39.0951
4959.0,39.0625
4960.0,39.0625
4961.0,39.03
4962.0,39.1276
4963.0,38.9323
4964.0,38.9648
4965.0,39.0625
4966.0,38.9974
4967.0,38.8997
4968.0,38.9974
4969.0,38.9323
4970.0,39.1276
4971.0,39.0625
4972.0,39.095
4973.0,38.9323
4974.0,38.8997
4975.0,38.9323
4976.0,39.0625
4977.0,38.9648
4978.0,38.8672
4979.0,39.0299
4980.0,38.9323
4981.0,39.0625
4982.0,39.0625
4983.0,39.0951
4984.0,39.095
4985.0,39.0951
4986.0,39.03
4987.0,38.9974
4988.0,38.8672
4989.0,39.0951
4990.0,39.0299
4991.0,39.0299
4992.0,38.9974
4993.0,39.1602
4994.0,39.095
4995.0,38.8672
4996.0,39.0299
4997.0,39.0625
4998.0,39.0951
4999.0,39.095
