1.0,59.9214
2.0,59.5522
3.0,59.5522
4.0,59.4292
5.0,59.6753
6.0,59.6753
7.0,59.7983
8.0,59.4292
9.0,59.4292
10.0,59.5522
11.0,59.5522
12.0,59.7983
13.0,59.6753
14.0,59.5522
15.0,59.4292
16.0,59.6753
17.0,59.4292
18.0,59.6753
19.0,59.4292
20.0,59.4292
21.0,59.4292
22.0,59.5522
23.0,59.5522
24.0,59.4292
25.0,59.4292
26.0,59.3062
27.0,59.5522
28.0,59.4292
29.0,59.4292
30.0,59.5522
31.0,59.9214
32.0,60.5366
33.0,60.4135
34.0,60.6596
35.0,60.6596
36.0,60.2905
37.0,60.5366
38.0,60.6596
39.0,60.7827
40.0,60.9057
41.0,61.1518
42.0,60.9057
43.0,61.0287
44.0,60.6596
45.0,61.0287
46.0,60.6596
47.0,60.9057
48.0,61.1518
49.0,60.9057
50.0,61.0287
51.0,60.7827
52.0,60.9057
53.0,60.7827
54.0,61.0287
55.0,61.0287
56.0,61.1518
57.0,61.2748
58.0,60.9057
59.0,61.0287
60.0,60.9057
61.0,61.0287
62.0,61.0287
63.0,61.0287
64.0,61.0287
65.0,61.0287
66.0,61.1518
67.0,61.1518
68.0,61.2748
69.0,61.2748
70.0,61.2748
71.0,61.1518
72.0,61.0287
73.0,61.0287
74.0,61.2748
75.0,61.2748
76.0,60.9057
77.0,61.1518
78.0,61.3979
79.0,61.3979
80.0,61.3979
81.0,61.0287
82.0,60.9057
83.0,61.2748
84.0,61.1518
85.0,61.5209
86.0,61.1518
87.0,61.0287
88.0,61.2748
89.0,61.1518
90.0,61.2748
91.0,61.2748
92.0,61.2748
93.0,61.2748
94.0,61.2748
95.0,61.3979
96.0,61.1518
97.0,61.5209
98.0,61.3979
99.0,61.2748
100.0,61.1518
101.0,61.5209
102.0,61.5209
103.0,61.2748
104.0,61.3979
105.0,61.3979
106.0,61.5209
107.0,61.6439
108.0,61.2748
109.0,61.1518
110.0,61.5209
111.0,61.1518
112.0,61.6439
113.0,61.3979
114.0,61.3979
115.0,61.6439
116.0,61.3979
117.0,61.5209
118.0,61.6439
119.0,61.3979
120.0,61.6439
121.0,61.6439
122.0,61.5209
123.0,61.6439
124.0,61.6439
125.0,61.6439
126.0,61.5209
127.0,61.3979
128.0,61.6439
129.0,61.3979
130.0,61.6439
131.0,61.3979
132.0,61.5209
133.0,61.5209
134.0,61.5209
135.0,61.5209
136.0,61.767
137.0,61.767
138.0,61.767
139.0,61.767
140.0,61.6439
141.0,61.767
142.0,61.89
143.0,61.767
144.0,61.6439
145.0,61.767
146.0,61.89
147.0,61.6439
148.0,61.89
149.0,61.767
150.0,61.767
151.0,62.0131
152.0,61.5209
153.0,61.89
154.0,61.89
155.0,61.767
156.0,61.767
157.0,62.1361
158.0,61.89
159.0,61.6439
160.0,61.89
161.0,61.767
162.0,61.89
163.0,61.89
164.0,62.0131
165.0,61.767
166.0,61.89
167.0,62.1361
168.0,61.6439
169.0,62.1361
170.0,62.1361
171.0,62.1361
172.0,61.89
173.0,61.89
174.0,61.89
175.0,62.0131
176.0,61.89
177.0,62.0131
178.0,61.767
179.0,62.1361
180.0,61.89
181.0,62.0131
182.0,61.767
183.0,61.89
184.0,61.89
185.0,61.767
186.0,62.1361
187.0,62.0131
188.0,62.2591
189.0,62.0131
190.0,62.1361
191.0,62.0131
192.0,62.2591
193.0,62.1361
194.0,62.1361
195.0,62.0131
196.0,62.2591
197.0,62.0131
198.0,62.2591
199.0,62.2591
200.0,62.1361
201.0,62.0131
202.0,62.2591
203.0,62.2591
204.0,62.5052
205.0,62.3822
206.0,62.1361
207.0,62.0131
208.0,62.2591
209.0,62.0131
210.0,62.1361
211.0,62.5052
212.0,62.5052
213.0,62.1361
214.0,61.89
215.0,62.2591
216.0,62.1361
217.0,62.2591
218.0,62.2591
219.0,62.1361
220.0,62.2591
221.0,62.1361
222.0,62.3822
223.0,62.3822
224.0,62.5052
225.0,62.0131
226.0,62.2591
227.0,62.5052
228.0,62.3822
229.0,62.3822
230.0,62.2591
231.0,62.5052
232.0,62.1361
233.0,62.6283
234.0,62.2591
235.0,62.3822
236.0,62.1361
237.0,62.3822
238.0,62.2591
239.0,62.5052
240.0,62.5052
241.0,62.2591
242.0,62.2591
243.0,62.3822
244.0,62.6283
245.0,62.5052
246.0,62.5052
247.0,62.6283
248.0,62.5052
249.0,62.6283
250.0,62.1361
251.0,62.5052
252.0,62.1361
253.0,62.3822
254.0,62.1361
255.0,62.3822
256.0,62.5052
257.0,62.5052
258.0,62.2591
259.0,62.3822
260.0,62.3822
261.0,62.5052
262.0,62.5052
263.0,62.3822
264.0,62.3822
265.0,62.6283
266.0,62.5052
267.0,62.7513
268.0,62.3822
269.0,62.6283
270.0,62.2591
271.0,62.2591
272.0,62.3822
273.0,62.3822
274.0,62.5052
275.0,62.5052
276.0,62.3822
277.0,62.2591
278.0,62.8743
279.0,62.3822
280.0,62.3822
281.0,62.7513
282.0,62.6283
283.0,62.8743
284.0,62.6283
285.0,62.7513
286.0,62.6283
287.0,62.6283
288.0,62.6283
289.0,62.5052
290.0,62.6283
291.0,62.5052
292.0,62.7513
293.0,62.6283
294.0,62.7513
295.0,62.7513
296.0,62.5052
297.0,62.6283
298.0,62.3822
299.0,62.7513
300.0,62.6283
301.0,62.7513
302.0,62.7513
303.0,62.7513
304.0,62.6283
305.0,62.5052
306.0,62.8743
307.0,62.5052
308.0,62.8743
309.0,62.7513
310.0,62.5052
311.0,62.8743
312.0,62.7513
313.0,62.8743
314.0,62.6283
315.0,62.6283
316.0,62.8743
317.0,62.6283
318.0,62.5052
319.0,62.7513
320.0,62.8743
321.0,62.8743
322.0,62.5052
323.0,62.7513
324.0,62.6283
325.0,62.5052
326.0,62.8743
327.0,62.8743
328.0,62.7513
329.0,62.8743
330.0,62.7513
331.0,62.6283
332.0,62.7513
333.0,62.9974
334.0,62.6283
335.0,62.6283
336.0,62.8743
337.0,62.8743
338.0,62.5052
339.0,62.7513
340.0,62.7513
341.0,62.9974
342.0,62.8743
343.0,62.8743
344.0,62.8743
345.0,62.6283
346.0,62.9974
347.0,62.9974
348.0,62.6283
349.0,62.7513
350.0,63.1204
351.0,62.8743
352.0,62.8743
353.0,62.7513
354.0,62.7513
355.0,62.7513
356.0,62.8743
357.0,62.7513
358.0,62.7513
359.0,62.9974
360.0,62.9974
361.0,62.8743
362.0,62.9974
363.0,62.6283
364.0,62.9974
365.0,62.7513
366.0,62.9974
367.0,62.9974
368.0,62.8743
369.0,62.9974
370.0,62.6283
371.0,63.1204
372.0,62.8743
373.0,62.7513
374.0,62.8743
375.0,62.7513
376.0,62.6283
377.0,62.7513
378.0,62.7513
379.0,62.7513
380.0,63.1204
381.0,62.9974
382.0,62.9974
383.0,63.2435
384.0,62.9974
385.0,62.7513
386.0,62.9974
387.0,62.9974
388.0,62.7513
389.0,62.8743
390.0,62.9974
391.0,62.8743
392.0,62.9974
393.0,62.9974
394.0,63.1204
395.0,63.2435
396.0,62.7513
397.0,62.7513
398.0,63.1204
399.0,63.1204
400.0,62.8743
401.0,63.1204
402.0,63.1204
403.0,62.9974
404.0,63.1204
405.0,62.8743
406.0,63.1204
407.0,62.8743
408.0,63.2435
409.0,63.1204
410.0,63.1204
411.0,63.1204
412.0,62.9974
413.0,62.8743
414.0,63.1204
415.0,63.1204
416.0,63.1204
417.0,62.7513
418.0,63.1204
419.0,63.2435
420.0,62.9974
421.0,63.2435
422.0,62.9974
423.0,63.2435
424.0,63.1204
425.0,62.9974
426.0,63.1204
427.0,62.8743
428.0,62.9974
429.0,62.9974
430.0,62.7513
431.0,63.2435
432.0,63.1204
433.0,63.2435
434.0,63.1204
435.0,62.9974
436.0,62.9974
437.0,62.7513
438.0,62.9974
439.0,62.9974
440.0,63.2435
441.0,62.9974
442.0,62.9974
443.0,62.9974
444.0,63.1204
445.0,62.9974
446.0,63.1204
447.0,63.1204
448.0,62.8743
449.0,63.1204
450.0,62.7513
451.0,63.2435
452.0,62.9974
453.0,63.1204
454.0,62.8743
455.0,63.3665
456.0,63.2435
457.0,63.2435
458.0,63.3665
459.0,63.3665
460.0,63.3665
461.0,63.3665
462.0,63.2435
463.0,63.3665
464.0,63.1204
465.0,63.2435
466.0,63.1204
467.0,63.1204
468.0,62.9974
469.0,62.9974
470.0,63.2435
471.0,63.4896
472.0,63.1204
473.0,63.4896
474.0,63.2435
475.0,62.9974
476.0,63.3665
477.0,62.8743
478.0,63.2435
479.0,62.8743
480.0,63.1204
481.0,63.1204
482.0,63.2435
483.0,63.2435
484.0,63.3665
485.0,62.9974
486.0,62.9974
487.0,63.3665
488.0,63.1204
489.0,62.9974
490.0,63.3665
491.0,63.3665
492.0,63.3665
493.0,63.1204
494.0,63.3665
495.0,63.3665
496.0,63.1204
497.0,63.4896
498.0,63.1204
499.0,63.3665
500.0,62.9974
501.0,63.3665
502.0,63.4896
503.0,63.2435
504.0,63.2435
505.0,63.1204
506.0,63.2435
507.0,62.9974
508.0,63.2435
509.0,63.2435
510.0,63.3665
511.0,63.2435
512.0,63.3665
513.0,63.3665
514.0,62.8743
515.0,63.3665
516.0,63.3665
517.0,63.1204
518.0,63.1204
519.0,63.1204
520.0,63.1204
521.0,63.4896
522.0,63.4896
523.0,63.2435
524.0,63.6126
525.0,63.4896
526.0,63.3665
527.0,63.1204
528.0,63.3665
529.0,63.3665
530.0,63.3665
531.0,63.4896
532.0,63.3665
533.0,63.3665
534.0,63.1204
535.0,63.4896
536.0,63.3665
537.0,63.2435
538.0,63.3665
539.0,63.4896
540.0,63.2435
541.0,63.6126
542.0,63.2435
543.0,63.2435
544.0,63.6126
545.0,63.2435
546.0,63.3665
547.0,63.4896
548.0,63.4896
549.0,63.3665
550.0,63.6126
551.0,63.2435
552.0,63.4896
553.0,63.2435
554.0,63.3665
555.0,63.2435
556.0,63.1204
557.0,63.2435
558.0,63.4896
559.0,63.4896
560.0,63.3665
561.0,63.6126
562.0,63.4896
563.0,63.6126
564.0,63.3665
565.0,63.2435
566.0,63.3665
567.0,63.2435
568.0,63.2435
569.0,63.3665
570.0,63.6126
571.0,63.4896
572.0,63.6126
573.0,63.3665
574.0,63.4896
575.0,63.2435
576.0,63.6126
577.0,63.2435
578.0,63.3665
579.0,63.3665
580.0,63.4896
581.0,63.4896
582.0,63.3665
583.0,63.1204
584.0,63.2435
585.0,63.6126
586.0,63.1204
587.0,63.3665
588.0,63.2435
589.0,63.1204
590.0,63.6126
591.0,63.6126
592.0,63.2435
593.0,63.6126
594.0,63.6126
595.0,63.3665
596.0,63.6126
597.0,63.3665
598.0,63.4896
599.0,63.6126
600.0,63.6126
601.0,63.4896
602.0,63.4896
603.0,63.4896
604.0,63.6126
605.0,63.2435
606.0,63.3665
607.0,63.4896
608.0,63.3665
609.0,63.1204
610.0,63.1204
611.0,63.7356
612.0,63.4896
613.0,63.6126
614.0,63.6126
615.0,63.2435
616.0,63.6126
617.0,63.6126
618.0,63.6126
619.0,63.4896
620.0,63.6126
621.0,63.3665
622.0,63.4896
623.0,63.3665
624.0,63.4896
625.0,63.6126
626.0,63.6126
627.0,63.1204
628.0,63.3665
629.0,63.3665
630.0,63.4896
631.0,63.1204
632.0,63.4896
633.0,63.6126
634.0,63.4896
635.0,63.4896
636.0,63.6126
637.0,63.4896
638.0,63.3665
639.0,63.2435
640.0,63.3665
641.0,63.3665
642.0,63.7356
643.0,63.2435
644.0,63.7356
645.0,63.3665
646.0,63.3665
647.0,63.7356
648.0,63.6126
649.0,63.4896
650.0,63.2435
651.0,63.6126
652.0,63.4896
653.0,63.3665
654.0,63.3665
655.0,63.4896
656.0,63.3665
657.0,63.4896
658.0,63.6126
659.0,63.2435
660.0,63.7356
661.0,63.4896
662.0,63.7356
663.0,63.7356
664.0,63.2435
665.0,63.6126
666.0,63.3665
667.0,63.6126
668.0,63.6126
669.0,63.2435
670.0,63.4896
671.0,63.6126
672.0,63.1204
673.0,63.4896
674.0,63.2435
675.0,63.4896
676.0,63.7356
677.0,63.3665
678.0,63.4896
679.0,63.7356
680.0,63.3665
681.0,63.6126
682.0,63.3665
683.0,63.6126
684.0,63.4896
685.0,63.3665
686.0,63.4896
687.0,63.4896
688.0,63.7356
689.0,63.4896
690.0,63.6126
691.0,63.4896
692.0,63.4896
693.0,63.7356
694.0,63.6126
695.0,63.4896
696.0,63.6126
697.0,63.7356
698.0,63.3665
699.0,63.2435
700.0,63.6126
701.0,63.4896
702.0,63.6126
703.0,63.4896
704.0,63.3665
705.0,63.3665
706.0,63.3665
707.0,63.6126
708.0,63.8587
709.0,63.6126
710.0,63.6126
711.0,63.6126
712.0,63.7356
713.0,63.3665
714.0,63.3665
715.0,63.6126
716.0,63.7356
717.0,63.6126
718.0,63.4896
719.0,63.2435
720.0,63.7356
721.0,63.6126
722.0,63.3665
723.0,63.4896
724.0,63.6126
725.0,63.8587
726.0,63.7356
727.0,63.4896
728.0,63.4896
729.0,63.6126
730.0,63.6126
731.0,63.4896
732.0,63.3665
733.0,63.8587
734.0,63.3665
735.0,63.6126
736.0,63.7356
737.0,63.7356
738.0,63.6126
739.0,63.6126
740.0,63.7356
741.0,63.7356
742.0,63.7356
743.0,63.2435
744.0,63.8587
745.0,63.7356
746.0,63.7356
747.0,63.2435
748.0,63.7356
749.0,63.6126
750.0,63.7356
751.0,63.7356
752.0,63.7356
753.0,63.6126
754.0,63.6126
755.0,63.7356
756.0,63.3665
757.0,63.4896
758.0,63.3665
759.0,63.3665
760.0,63.6126
761.0,63.7356
762.0,63.4896
763.0,63.6126
764.0,63.3665
765.0,63.6126
766.0,63.6126
767.0,63.4896
768.0,63.4896
769.0,63.7356
770.0,63.6126
771.0,63.8587
772.0,63.7356
773.0,63.7356
774.0,63.6126
775.0,63.7356
776.0,63.4896
777.0,63.3665
778.0,63.8587
779.0,63.7356
780.0,63.3665
781.0,63.6126
782.0,63.3665
783.0,63.6126
784.0,63.8587
785.0,63.6126
786.0,63.4896
787.0,63.6126
788.0,63.7356
789.0,63.7356
790.0,63.7356
791.0,63.6126
792.0,63.6126
793.0,63.4896
794.0,63.7356
795.0,63.7356
796.0,63.6126
797.0,63.4896
798.0,63.3665
799.0,63.7356
800.0,63.6126
801.0,63.7356
802.0,63.7356
803.0,63.8587
804.0,63.4896
805.0,63.2435
806.0,63.6126
807.0,63.4896
808.0,63.8587
809.0,63.7356
810.0,63.7356
811.0,63.3665
812.0,63.3665
813.0,63.4896
814.0,63.6126
815.0,63.6126
816.0,63.2435
817.0,63.8587
818.0,63.7356
819.0,63.7356
820.0,63.4896
821.0,63.6126
822.0,63.7356
823.0,63.6126
824.0,63.7356
825.0,63.7356
826.0,63.3665
827.0,63.3665
828.0,63.7356
829.0,63.6126
830.0,63.6126
831.0,63.6126
832.0,63.4896
833.0,63.6126
834.0,63.4896
835.0,63.6126
836.0,63.6126
837.0,63.4896
838.0,63.6126
839.0,63.6126
840.0,63.8587
841.0,63.8587
842.0,63.7356
843.0,63.4896
844.0,63.4896
845.0,63.6126
846.0,63.6126
847.0,63.3665
848.0,63.7356
849.0,63.7356
850.0,63.7356
851.0,63.4896
852.0,63.8587
853.0,63.7356
854.0,63.6126
855.0,63.7356
856.0,63.8587
857.0,63.4896
858.0,63.4896
859.0,63.8587
860.0,63.4896
861.0,63.6126
862.0,63.4896
863.0,63.6126
864.0,63.2435
865.0,63.3665
866.0,63.4896
867.0,63.8587
868.0,63.3665
869.0,63.6126
870.0,63.7356
871.0,63.6126
872.0,63.7356
873.0,63.7356
874.0,63.4896
875.0,63.6126
876.0,63.7356
877.0,63.6126
878.0,63.7356
879.0,63.6126
880.0,63.4896
881.0,63.8587
882.0,63.8587
883.0,63.3665
884.0,63.6126
885.0,63.8587
886.0,63.7356
887.0,63.7356
888.0,63.3665
889.0,63.8587
890.0,63.8587
891.0,63.6126
892.0,63.8587
893.0,63.4896
894.0,63.7356
895.0,63.8587
896.0,63.6126
897.0,63.3665
898.0,63.3665
899.0,63.3665
900.0,64.1048
901.0,63.8587
902.0,63.3665
903.0,63.4896
904.0,63.4896
905.0,63.8587
906.0,63.4896
907.0,63.3665
908.0,63.9817
909.0,63.4896
910.0,63.4896
911.0,63.4896
912.0,63.4896
913.0,63.6126
914.0,63.7356
915.0,63.6126
916.0,63.8587
917.0,63.3665
918.0,63.6126
919.0,63.4896
920.0,63.6126
921.0,63.6126
922.0,63.3665
923.0,63.8587
924.0,63.4896
925.0,63.4896
926.0,63.4896
927.0,63.4896
928.0,63.7356
929.0,63.7356
930.0,63.7356
931.0,63.8587
932.0,63.4896
933.0,63.6126
934.0,63.9817
935.0,63.6126
936.0,63.8587
937.0,63.8587
938.0,63.3665
939.0,63.4896
940.0,63.4896
941.0,63.4896
942.0,63.7356
943.0,63.4896
944.0,63.6126
945.0,63.6126
946.0,63.6126
947.0,63.6126
948.0,63.7356
949.0,63.6126
950.0,63.4896
951.0,63.7356
952.0,63.6126
953.0,63.8587
954.0,63.7356
955.0,63.4896
956.0,63.6126
957.0,63.8587
958.0,63.8587
959.0,63.4896
960.0,63.3665
961.0,63.3665
962.0,63.6126
963.0,63.6126
964.0,63.6126
965.0,63.4896
966.0,63.8587
967.0,63.8587
968.0,63.8587
969.0,63.6126
970.0,63.4896
971.0,63.7356
972.0,63.6126
973.0,63.6126
974.0,63.8587
975.0,63.6126
976.0,63.4896
977.0,63.3665
978.0,63.7356
979.0,63.4896
980.0,63.3665
981.0,63.3665
982.0,63.3665
983.0,63.6126
984.0,63.7356
985.0,63.3665
986.0,63.6126
987.0,63.6126
988.0,63.6126
989.0,63.8587
990.0,63.4896
991.0,63.6126
992.0,63.7356
993.0,63.6126
994.0,63.6126
995.0,63.6126
996.0,63.7356
997.0,63.7356
998.0,63.8587
999.0,63.7356
1000.0,63.7356
1001.0,63.4896
1002.0,63.4896
1003.0,63.7356
1004.0,63.7356
1005.0,63.6126
1006.0,63.8587
1007.0,63.8587
1008.0,63.8587
1009.0,63.6126
1010.0,63.7356
1011.0,63.4896
1012.0,63.6126
1013.0,63.8587
1014.0,63.7356
1015.0,63.7356
1016.0,63.4896
1017.0,63.6126
1018.0,63.6126
1019.0,63.7356
1020.0,63.7356
1021.0,63.9817
1022.0,63.7356
1023.0,63.8587
1024.0,63.8587
1025.0,63.8587
1026.0,63.7356
1027.0,63.4896
1028.0,63.6126
1029.0,63.4896
1030.0,63.6126
1031.0,63.6126
1032.0,63.8587
1033.0,63.6126
1034.0,63.7356
1035.0,63.8587
1036.0,63.4896
1037.0,63.8587
1038.0,63.7356
1039.0,63.8587
1040.0,63.6126
1041.0,63.7356
1042.0,63.7356
1043.0,63.7356
1044.0,63.6126
1045.0,63.6126
1046.0,63.7356
1047.0,63.6126
1048.0,63.6126
1049.0,63.6126
1050.0,63.4896
1051.0,63.4896
1052.0,63.7356
1053.0,63.4896
1054.0,63.7356
1055.0,63.4896
1056.0,63.7356
1057.0,63.7356
1058.0,63.7356
1059.0,63.4896
1060.0,63.4896
1061.0,63.9817
1062.0,63.6126
1063.0,63.7356
1064.0,63.7356
1065.0,63.4896
1066.0,63.4896
1067.0,63.4896
1068.0,63.6126
1069.0,63.6126
1070.0,63.8587
1071.0,63.8587
1072.0,63.7356
1073.0,63.6126
1074.0,63.3665
1075.0,63.7356
1076.0,63.8587
1077.0,63.6126
1078.0,63.6126
1079.0,63.4896
1080.0,63.7356
1081.0,63.7356
1082.0,63.4896
1083.0,63.8587
1084.0,63.4896
1085.0,63.2435
1086.0,63.6126
1087.0,63.3665
1088.0,63.6126
1089.0,63.6126
1090.0,63.6126
1091.0,63.8587
1092.0,63.6126
1093.0,63.6126
1094.0,63.4896
1095.0,63.7356
1096.0,63.6126
1097.0,63.6126
1098.0,63.7356
1099.0,63.9817
1100.0,63.3665
1101.0,63.4896
1102.0,63.7356
1103.0,63.8587
1104.0,63.7356
1105.0,63.6126
1106.0,63.8587
1107.0,63.7356
1108.0,63.6126
1109.0,63.8587
1110.0,63.8587
1111.0,63.3665
1112.0,63.4896
1113.0,63.6126
1114.0,63.3665
1115.0,63.7356
1116.0,63.8587
1117.0,63.4896
1118.0,63.6126
1119.0,63.3665
1120.0,63.6126
1121.0,63.4896
1122.0,63.7356
1123.0,63.4896
1124.0,63.4896
1125.0,63.4896
1126.0,63.7356
1127.0,63.6126
1128.0,63.9817
1129.0,63.7356
1130.0,63.4896
1131.0,63.6126
1132.0,63.4896
1133.0,63.6126
1134.0,63.4896
1135.0,63.7356
1136.0,63.7356
1137.0,63.7356
1138.0,63.4896
1139.0,63.3665
1140.0,63.7356
1141.0,63.7356
1142.0,63.6126
1143.0,63.7356
1144.0,63.7356
1145.0,63.4896
1146.0,63.7356
1147.0,63.7356
1148.0,63.4896
1149.0,63.6126
1150.0,63.6126
1151.0,63.3665
1152.0,63.6126
1153.0,63.6126
1154.0,63.4896
1155.0,63.6126
1156.0,63.6126
1157.0,63.3665
1158.0,63.9817
1159.0,63.7356
1160.0,63.7356
1161.0,63.7356
1162.0,63.6126
1163.0,63.8587
1164.0,63.7356
1165.0,63.8587
1166.0,63.7356
1167.0,63.6126
1168.0,63.7356
1169.0,63.6126
1170.0,63.8587
1171.0,63.7356
1172.0,63.2435
1173.0,63.3665
1174.0,63.8587
1175.0,63.2435
1176.0,63.6126
1177.0,63.6126
1178.0,63.6126
1179.0,63.7356
1180.0,63.6126
1181.0,63.6126
1182.0,63.7356
1183.0,63.8587
1184.0,63.7356
1185.0,63.6126
1186.0,63.3665
1187.0,63.6126
1188.0,63.6126
1189.0,63.8587
1190.0,63.4896
1191.0,63.8587
1192.0,63.7356
1193.0,63.6126
1194.0,63.7356
1195.0,63.6126
1196.0,63.7356
1197.0,63.7356
1198.0,63.8587
1199.0,63.8587
1200.0,63.7356
1201.0,63.4896
1202.0,63.4896
1203.0,63.7356
1204.0,63.7356
1205.0,63.4896
1206.0,63.7356
1207.0,63.6126
1208.0,63.4896
1209.0,63.6126
1210.0,63.3665
1211.0,63.7356
1212.0,63.7356
1213.0,63.6126
1214.0,63.7356
1215.0,63.6126
1216.0,63.3665
1217.0,63.7356
1218.0,63.4896
1219.0,63.6126
1220.0,63.4896
1221.0,63.3665
1222.0,63.6126
1223.0,63.7356
1224.0,63.8587
1225.0,63.8587
1226.0,63.6126
1227.0,62.9974
1228.0,63.3665
1229.0,63.7356
1230.0,63.8587
1231.0,63.8587
1232.0,63.7356
1233.0,63.7356
1234.0,63.7356
1235.0,63.7356
1236.0,63.6126
1237.0,63.4896
1238.0,63.7356
1239.0,63.3665
1240.0,63.8587
1241.0,63.4896
1242.0,63.7356
1243.0,63.7356
1244.0,63.6126
1245.0,63.4896
1246.0,63.7356
1247.0,63.4896
1248.0,63.6126
1249.0,63.4896
1250.0,63.3665
1251.0,63.4896
1252.0,63.7356
1253.0,63.4896
1254.0,63.6126
1255.0,63.8587
1256.0,63.7356
1257.0,63.4896
1258.0,63.7356
1259.0,63.4896
1260.0,63.9817
1261.0,63.6126
1262.0,63.7356
1263.0,63.7356
1264.0,63.3665
1265.0,63.7356
1266.0,63.7356
1267.0,63.7356
1268.0,63.4896
1269.0,63.8587
1270.0,63.7356
1271.0,63.6126
1272.0,63.4896
1273.0,63.6126
1274.0,63.4896
1275.0,63.7356
1276.0,63.7356
1277.0,63.3665
1278.0,63.7356
1279.0,63.6126
1280.0,63.7356
1281.0,63.7356
1282.0,63.7356
1283.0,63.6126
1284.0,63.4896
1285.0,63.6126
1286.0,63.3665
1287.0,63.8587
1288.0,63.6126
1289.0,63.6126
1290.0,63.6126
1291.0,63.6126
1292.0,63.7356
1293.0,63.4896
1294.0,63.2435
1295.0,63.6126
1296.0,63.6126
1297.0,63.6126
1298.0,63.7356
1299.0,63.6126
1300.0,63.4896
1301.0,63.6126
1302.0,63.8587
1303.0,63.4896
1304.0,63.7356
1305.0,63.7356
1306.0,63.6126
1307.0,63.7356
1308.0,63.6126
1309.0,63.4896
1310.0,63.7356
1311.0,63.7356
1312.0,63.3665
1313.0,63.4896
1314.0,63.6126
1315.0,63.7356
1316.0,63.7356
1317.0,63.7356
1318.0,63.6126
1319.0,63.4896
1320.0,63.7356
1321.0,63.6126
1322.0,63.4896
1323.0,63.7356
1324.0,63.8587
1325.0,63.4896
1326.0,63.7356
1327.0,63.8587
1328.0,63.4896
1329.0,63.8587
1330.0,63.8587
1331.0,63.7356
1332.0,63.6126
1333.0,63.4896
1334.0,63.8587
1335.0,63.4896
1336.0,63.8587
1337.0,63.3665
1338.0,63.6126
1339.0,63.4896
1340.0,63.7356
1341.0,63.3665
1342.0,63.7356
1343.0,63.2435
1344.0,63.6126
1345.0,63.7356
1346.0,63.3665
1347.0,63.8587
1348.0,63.4896
1349.0,63.6126
1350.0,63.4896
1351.0,63.6126
1352.0,63.8587
1353.0,63.7356
1354.0,63.6126
1355.0,63.7356
1356.0,63.6126
1357.0,63.4896
1358.0,63.4896
1359.0,63.7356
1360.0,63.3665
1361.0,63.6126
1362.0,63.7356
1363.0,63.6126
1364.0,63.4896
1365.0,63.2435
1366.0,63.6126
1367.0,63.7356
1368.0,63.6126
1369.0,63.8587
1370.0,63.8587
1371.0,63.8587
1372.0,63.6126
1373.0,63.7356
1374.0,63.3665
1375.0,63.6126
1376.0,63.8587
1377.0,63.6126
1378.0,63.2435
1379.0,63.7356
1380.0,63.6126
1381.0,63.7356
1382.0,63.6126
1383.0,63.8587
1384.0,63.7356
1385.0,63.7356
1386.0,63.8587
1387.0,63.4896
1388.0,63.7356
1389.0,63.4896
1390.0,63.7356
1391.0,63.7356
1392.0,63.7356
1393.0,63.3665
1394.0,63.3665
1395.0,63.7356
1396.0,63.8587
1397.0,63.3665
1398.0,63.6126
1399.0,63.3665
1400.0,63.7356
1401.0,63.2435
1402.0,63.4896
1403.0,63.6126
1404.0,63.4896
1405.0,63.3665
1406.0,63.4896
1407.0,63.8587
1408.0,63.4896
1409.0,63.4896
1410.0,63.6126
1411.0,63.8587
1412.0,63.7356
1413.0,63.4896
1414.0,63.6126
1415.0,63.6126
1416.0,63.4896
1417.0,63.7356
1418.0,63.7356
1419.0,63.7356
1420.0,63.6126
1421.0,63.7356
1422.0,63.8587
1423.0,63.7356
1424.0,63.4896
1425.0,63.6126
1426.0,63.3665
1427.0,63.6126
1428.0,63.3665
1429.0,63.7356
1430.0,63.7356
1431.0,63.8587
1432.0,63.6126
1433.0,63.4896
1434.0,63.4896
1435.0,63.4896
1436.0,63.3665
1437.0,63.3665
1438.0,63.3665
1439.0,63.4896
1440.0,63.4896
1441.0,63.6126
1442.0,63.6126
1443.0,63.6126
1444.0,63.2435
1445.0,63.4896
1446.0,63.4896
1447.0,63.6126
1448.0,63.7356
1449.0,63.4896
1450.0,63.6126
1451.0,63.4896
1452.0,63.3665
1453.0,63.3665
1454.0,63.6126
1455.0,63.7356
1456.0,63.4896
1457.0,63.8587
1458.0,63.8587
1459.0,63.7356
1460.0,63.7356
1461.0,63.7356
1462.0,63.8587
1463.0,63.7356
1464.0,63.6126
1465.0,63.4896
1466.0,63.8587
1467.0,63.7356
1468.0,63.6126
1469.0,63.7356
1470.0,63.4896
1471.0,63.8587
1472.0,63.2435
1473.0,63.7356
1474.0,63.4896
1475.0,63.7356
1476.0,63.7356
1477.0,63.3665
1478.0,63.4896
1479.0,63.6126
1480.0,63.4896
1481.0,63.4896
1482.0,63.2435
1483.0,63.7356
1484.0,63.7356
1485.0,63.4896
1486.0,63.4896
1487.0,63.6126
1488.0,63.4896
1489.0,63.4896
1490.0,63.7356
1491.0,63.4896
1492.0,63.6126
1493.0,63.7356
1494.0,63.6126
1495.0,63.7356
1496.0,63.7356
1497.0,63.3665
1498.0,63.3665
1499.0,63.6126
1500.0,63.4896
1501.0,63.4896
1502.0,63.6126
1503.0,63.3665
1504.0,63.6126
1505.0,63.6126
1506.0,63.3665
1507.0,63.7356
1508.0,63.6126
1509.0,63.4896
1510.0,63.6126
1511.0,63.7356
1512.0,63.6126
1513.0,63.3665
1514.0,63.6126
1515.0,63.8587
1516.0,63.4896
1517.0,63.3665
1518.0,63.4896
1519.0,63.6126
1520.0,63.7356
1521.0,63.2435
1522.0,63.7356
1523.0,63.6126
1524.0,63.4896
1525.0,63.4896
1526.0,63.7356
1527.0,63.4896
1528.0,63.6126
1529.0,63.4896
1530.0,63.8587
1531.0,63.4896
1532.0,63.7356
1533.0,63.7356
1534.0,63.6126
1535.0,63.4896
1536.0,63.3665
1537.0,63.7356
1538.0,63.7356
1539.0,63.4896
1540.0,63.6126
1541.0,63.7356
1542.0,63.4896
1543.0,63.4896
1544.0,63.9817
1545.0,63.7356
1546.0,63.4896
1547.0,63.6126
1548.0,63.6126
1549.0,63.6126
1550.0,63.6126
1551.0,63.6126
1552.0,63.2435
1553.0,63.3665
1554.0,63.7356
1555.0,63.4896
1556.0,63.6126
1557.0,63.6126
1558.0,63.6126
1559.0,63.1204
1560.0,63.6126
1561.0,63.7356
1562.0,63.6126
1563.0,63.6126
1564.0,63.3665
1565.0,63.7356
1566.0,63.4896
1567.0,63.2435
1568.0,63.4896
1569.0,63.7356
1570.0,63.6126
1571.0,63.2435
1572.0,63.4896
1573.0,63.6126
1574.0,63.4896
1575.0,63.4896
1576.0,63.4896
1577.0,63.6126
1578.0,63.4896
1579.0,63.3665
1580.0,63.6126
1581.0,63.2435
1582.0,63.3665
1583.0,63.6126
1584.0,63.6126
1585.0,63.7356
1586.0,63.7356
1587.0,63.4896
1588.0,63.4896
1589.0,63.3665
1590.0,63.4896
1591.0,63.7356
1592.0,63.7356
1593.0,63.4896
1594.0,63.4896
1595.0,63.7356
1596.0,63.4896
1597.0,63.6126
1598.0,63.6126
1599.0,63.8587
1600.0,63.4896
1601.0,63.3665
1602.0,63.4896
1603.0,63.4896
1604.0,63.3665
1605.0,63.3665
1606.0,63.6126
1607.0,63.4896
1608.0,63.3665
1609.0,63.6126
1610.0,63.8587
1611.0,63.4896
1612.0,63.7356
1613.0,63.4896
1614.0,63.6126
1615.0,63.4896
1616.0,63.3665
1617.0,63.6126
1618.0,63.3665
1619.0,63.7356
1620.0,63.4896
1621.0,63.4896
1622.0,63.4896
1623.0,63.6126
1624.0,63.3665
1625.0,63.6126
1626.0,63.7356
1627.0,63.3665
1628.0,63.3665
1629.0,63.6126
1630.0,63.7356
1631.0,63.6126
1632.0,63.7356
1633.0,63.4896
1634.0,63.7356
1635.0,63.7356
1636.0,63.4896
1637.0,63.4896
1638.0,63.4896
1639.0,63.7356
1640.0,63.6126
1641.0,63.7356
1642.0,63.6126
1643.0,63.6126
1644.0,63.4896
1645.0,63.3665
1646.0,63.7356
1647.0,63.6126
1648.0,63.7356
1649.0,63.7356
1650.0,63.7356
1651.0,63.4896
1652.0,63.2435
1653.0,63.7356
1654.0,63.3665
1655.0,63.6126
1656.0,63.6126
1657.0,63.3665
1658.0,63.7356
1659.0,63.4896
1660.0,63.4896
1661.0,63.6126
1662.0,63.4896
1663.0,63.7356
1664.0,63.3665
1665.0,63.4896
1666.0,63.7356
1667.0,63.7356
1668.0,63.6126
1669.0,63.6126
1670.0,63.4896
1671.0,63.3665
1672.0,63.2435
1673.0,63.3665
1674.0,63.2435
1675.0,63.4896
1676.0,63.4896
1677.0,63.4896
1678.0,63.3665
1679.0,62.6283
1680.0,62.3822
1681.0,62.3822
1682.0,62.2591
1683.0,61.89
1684.0,62.2591
1685.0,62.1361
1686.0,62.1361
1687.0,62.1361
1688.0,61.89
1689.0,61.89
1690.0,61.767
1691.0,61.767
1692.0,62.0131
1693.0,62.7513
1694.0,62.6283
1695.0,62.6283
1696.0,62.8743
1697.0,62.3822
1698.0,62.5052
1699.0,62.3822
1700.0,62.1361
1701.0,62.5052
1702.0,62.7513
1703.0,62.6283
1704.0,62.6283
1705.0,62.2591
1706.0,62.5052
1707.0,63.7356
1708.0,63.1204
1709.0,63.9817
1710.0,63.9817
1711.0,63.4896
1712.0,63.7356
1713.0,64.72
1714.0,63.4896
1715.0,64.5969
1716.0,63.1204
1717.0,62.9974
1718.0,63.7356
1719.0,64.72
1720.0,65.4582
1721.0,64.72
1722.0,63.9817
1723.0,64.966
1724.0,64.5969
1725.0,64.72
1726.0,63.9817
1727.0,63.8587
1728.0,63.6126
1729.0,63.2435
1730.0,63.1204
1731.0,63.4896
1732.0,63.2435
1733.0,63.2435
1734.0,63.1204
1735.0,63.1204
1736.0,63.1204
1737.0,63.1204
1738.0,63.4896
1739.0,63.3665
1740.0,63.4896
1741.0,63.3665
1742.0,63.6126
1743.0,63.2435
1744.0,63.4896
1745.0,63.3665
1746.0,62.9974
1747.0,63.1204
1748.0,63.3665
1749.0,63.1204
1750.0,63.3665
1751.0,63.2435
1752.0,62.8743
1753.0,63.6126
1754.0,63.8587
1755.0,63.6126
1756.0,62.8743
1757.0,63.2435
1758.0,63.2435
1759.0,62.9974
1760.0,63.6126
1761.0,63.4896
1762.0,63.6126
1763.0,63.6126
1764.0,63.8587
1765.0,63.8587
1766.0,63.8587
1767.0,63.3665
1768.0,63.4896
1769.0,63.1204
1770.0,62.9974
1771.0,63.2435
1772.0,63.2435
1773.0,63.4896
1774.0,63.4896
1775.0,63.7356
1776.0,63.7356
1777.0,63.2435
1778.0,63.9817
1779.0,63.3665
1780.0,63.8587
1781.0,63.6126
1782.0,63.4896
1783.0,63.6126
1784.0,63.7356
1785.0,63.3665
1786.0,63.3665
1787.0,63.3665
1788.0,63.2435
1789.0,63.9817
1790.0,63.4896
1791.0,63.7356
1792.0,63.6126
1793.0,64.1048
1794.0,63.4896
1795.0,63.9817
1796.0,64.1048
1797.0,64.1048
1798.0,64.1048
1799.0,64.1048
1800.0,64.72
1801.0,64.4739
1802.0,66.0734
1803.0,65.0891
1804.0,64.2278
1805.0,65.0891
1806.0,63.9817
1807.0,63.6126
1808.0,63.6126
1809.0,64.3508
1810.0,65.5812
1811.0,66.1964
1812.0,66.4425
1813.0,66.3195
1814.0,66.6886
1815.0,66.6886
1816.0,66.5656
1817.0,66.5656
1818.0,66.8117
1819.0,66.8117
1820.0,66.6886
1821.0,66.8117
1822.0,66.9347
1823.0,67.1808
1824.0,67.3038
1825.0,67.1808
1826.0,67.3038
1827.0,66.1964
1828.0,65.7043
1829.0,65.4582
1830.0,65.5812
1831.0,65.0891
1832.0,64.966
1833.0,64.72
1834.0,64.843
1835.0,64.843
1836.0,64.966
1837.0,64.4739
1838.0,64.72
1839.0,64.3508
1840.0,64.843
1841.0,64.72
1842.0,64.966
1843.0,64.843
1844.0,64.72
1845.0,64.4739
1846.0,64.3508
1847.0,64.843
1848.0,64.2278
1849.0,64.843
1850.0,64.4739
1851.0,64.5969
1852.0,64.5969
1853.0,64.5969
1854.0,64.4739
1855.0,64.843
1856.0,65.7043
1857.0,65.0891
1858.0,64.966
1859.0,64.843
1860.0,64.72
1861.0,64.3508
1862.0,64.3508
1863.0,64.4739
1864.0,64.4739
1865.0,64.4739
1866.0,65.0891
1867.0,65.0891
1868.0,65.0891
1869.0,65.3352
1870.0,64.72
1871.0,64.72
1872.0,64.72
1873.0,64.966
1874.0,64.5969
1875.0,65.3352
1876.0,65.2121
1877.0,65.0891
1878.0,64.843
1879.0,65.0891
1880.0,64.843
1881.0,65.4582
1882.0,65.0891
1883.0,65.2121
1884.0,65.4582
1885.0,65.7043
1886.0,65.3352
1887.0,65.3352
1888.0,65.2121
1889.0,64.843
1890.0,64.72
1891.0,65.0891
1892.0,65.0891
1893.0,64.843
1894.0,65.2121
1895.0,65.2121
1896.0,65.2121
1897.0,64.843
1898.0,65.2121
1899.0,64.843
1900.0,65.3352
1901.0,65.0891
1902.0,65.2121
1903.0,65.4582
1904.0,65.0891
1905.0,64.843
1906.0,64.5969
1907.0,65.2121
1908.0,65.3352
1909.0,65.8273
1910.0,65.4582
1911.0,65.0891
1912.0,65.2121
1913.0,65.0891
1914.0,64.72
1915.0,64.966
1916.0,66.6886
1917.0,66.6886
1918.0,65.8273
1919.0,65.3352
1920.0,65.0891
1921.0,65.5812
1922.0,65.4582
1923.0,65.4582
1924.0,65.4582
1925.0,65.5812
1926.0,65.2121
1927.0,64.966
1928.0,65.0891
1929.0,64.966
1930.0,65.3352
1931.0,64.966
1932.0,64.966
1933.0,64.966
1934.0,64.843
1935.0,65.0891
1936.0,65.4582
1937.0,65.2121
1938.0,65.2121
1939.0,65.4582
1940.0,65.4582
1941.0,65.5812
1942.0,65.7043
1943.0,65.5812
1944.0,65.0891
1945.0,66.0734
1946.0,65.5812
1947.0,66.1964
1948.0,67.5499
1949.0,67.796
1950.0,67.919
1951.0,67.919
1952.0,68.0421
1953.0,67.5499
1954.0,67.796
1955.0,66.3195
1956.0,66.4425
1957.0,67.6729
1958.0,68.1651
1959.0,68.4112
1960.0,68.6573
1961.0,67.3038
1962.0,68.0421
1963.0,68.2881
1964.0,67.0577
1965.0,66.8117
1966.0,66.6886
1967.0,66.3195
1968.0,65.9504
1969.0,65.7043
1970.0,66.1964
1971.0,65.7043
1972.0,66.0734
1973.0,66.1964
1974.0,66.3195
1975.0,65.9504
1976.0,66.0734
1977.0,66.8117
1978.0,66.3195
1979.0,67.6729
1980.0,68.2881
1981.0,68.1651
1982.0,68.4112
1983.0,68.6573
1984.0,69.0264
1985.0,68.6573
1986.0,68.2881
1987.0,66.6886
1988.0,66.4425
1989.0,66.3195
1990.0,66.0734
1991.0,66.0734
1992.0,66.3195
1993.0,66.0734
1994.0,66.4425
1995.0,66.0734
1996.0,66.3195
1997.0,66.3195
1998.0,66.0734
1999.0,66.0734
2000.0,66.1964
2001.0,65.8273
2002.0,66.1964
2003.0,66.1964
2004.0,67.1808
2005.0,66.3195
2006.0,66.1964
2007.0,66.4425
2008.0,66.0734
2009.0,65.8273
2010.0,66.0734
2011.0,66.1964
2012.0,66.1964
2013.0,66.1964
2014.0,66.3195
2015.0,66.1964
2016.0,65.8273
2017.0,66.1964
2018.0,66.5656
2019.0,66.1964
2020.0,66.3195
2021.0,66.0734
2022.0,66.0734
2023.0,66.1964
2024.0,66.0734
2025.0,65.8273
2026.0,66.1964
2027.0,66.0734
2028.0,65.9504
2029.0,65.9504
2030.0,66.3195
2031.0,66.3195
2032.0,65.9504
2033.0,65.8273
2034.0,66.1964
2035.0,66.0734
2036.0,66.0734
2037.0,66.6886
2038.0,66.5656
2039.0,66.6886
2040.0,66.5656
2041.0,66.8117
2042.0,66.5656
2043.0,66.5656
2044.0,66.4425
2045.0,66.5656
2046.0,66.8117
2047.0,66.1964
2048.0,66.0734
2049.0,66.4425
2050.0,66.3195
2051.0,66.5656
2052.0,67.0577
2053.0,66.5656
2054.0,66.1964
2055.0,66.3195
2056.0,66.5656
2057.0,66.5656
2058.0,66.0734
2059.0,66.4425
2060.0,66.1964
2061.0,66.1964
2062.0,66.4425
2063.0,66.3195
2064.0,66.4425
2065.0,66.1964
2066.0,66.1964
2067.0,66.6886
2068.0,66.1964
2069.0,66.1964
2070.0,66.1964
2071.0,66.5656
2072.0,66.4425
2073.0,66.6886
2074.0,66.1964
2075.0,66.0734
2076.0,65.9504
2077.0,65.9504
2078.0,66.0734
2079.0,65.9504
2080.0,66.0734
2081.0,66.1964
2082.0,66.4425
2083.0,66.0734
2084.0,66.6886
2085.0,66.4425
2086.0,66.4425
2087.0,66.4425
2088.0,66.0734
2089.0,65.7043
2090.0,66.0734
2091.0,66.1964
2092.0,66.5656
2093.0,66.0734
2094.0,66.1964
2095.0,65.9504
2096.0,65.9504
2097.0,66.1964
2098.0,66.3195
2099.0,66.5656
2100.0,66.3195
2101.0,66.5656
2102.0,66.1964
2103.0,65.9504
2104.0,67.4269
2105.0,68.4112
2106.0,66.8117
2107.0,66.8117
2108.0,67.796
2109.0,68.4112
2110.0,67.3038
2111.0,67.919
2112.0,67.1808
2113.0,66.6886
2114.0,66.3195
2115.0,66.3195
2116.0,66.5656
2117.0,66.5656
2118.0,66.6886
2119.0,66.6886
2120.0,66.9347
2121.0,66.5656
2122.0,66.9347
2123.0,66.6886
2124.0,66.3195
2125.0,66.5656
2126.0,66.3195
2127.0,66.6886
2128.0,66.3195
2129.0,66.6886
2130.0,66.3195
2131.0,66.4425
2132.0,66.1964
2133.0,66.4425
2134.0,66.0734
2135.0,66.1964
2136.0,66.1964
2137.0,66.3195
2138.0,66.5656
2139.0,66.8117
2140.0,66.6886
2141.0,66.5656
2142.0,66.0734
2143.0,66.8117
2144.0,66.5656
2145.0,66.3195
2146.0,66.4425
2147.0,66.1964
2148.0,66.4425
2149.0,66.1964
2150.0,65.9504
2151.0,66.3195
2152.0,65.9504
2153.0,66.5656
2154.0,66.4425
2155.0,66.4425
2156.0,66.4425
2157.0,66.3195
2158.0,66.8117
2159.0,66.4425
2160.0,66.5656
2161.0,66.5656
2162.0,66.3195
2163.0,66.1964
2164.0,66.4425
2165.0,66.1964
2166.0,66.3195
2167.0,66.1964
2168.0,67.0577
2169.0,66.4425
2170.0,66.4425
2171.0,66.5656
2172.0,66.0734
2173.0,66.1964
2174.0,66.1964
2175.0,66.5656
2176.0,66.5656
2177.0,66.6886
2178.0,66.6886
2179.0,66.8117
2180.0,66.3195
2181.0,67.4269
2182.0,67.0577
2183.0,66.8117
2184.0,67.5499
2185.0,67.4269
2186.0,67.0577
2187.0,66.9347
2188.0,67.5499
2189.0,68.9033
2190.0,68.2881
2191.0,67.5499
2192.0,67.3038
2193.0,66.6886
2194.0,66.9347
2195.0,66.9347
2196.0,66.6886
2197.0,66.3195
2198.0,66.6886
2199.0,66.8117
2200.0,66.6886
2201.0,66.4425
2202.0,66.4425
2203.0,66.1964
2204.0,66.1964
2205.0,66.5656
2206.0,66.5656
2207.0,66.8117
2208.0,67.3038
2209.0,68.4112
2210.0,66.9347
2211.0,66.5656
2212.0,66.9347
2213.0,66.5656
2214.0,66.9347
2215.0,66.6886
2216.0,67.0577
2217.0,67.1808
2218.0,67.3038
2219.0,66.8117
2220.0,67.919
2221.0,68.4112
2222.0,67.4269
2223.0,68.9033
2224.0,69.0264
2225.0,69.3955
2226.0,67.4269
2227.0,67.0577
2228.0,66.6886
2229.0,67.1808
2230.0,67.1808
2231.0,67.4269
2232.0,66.9347
2233.0,66.9347
2234.0,67.1808
2235.0,67.4269
2236.0,66.9347
2237.0,67.6729
2238.0,67.3038
2239.0,67.3038
2240.0,67.5499
2241.0,67.0577
2242.0,66.5656
2243.0,67.5499
2244.0,68.2881
2245.0,69.1494
2246.0,69.3955
2247.0,69.1494
2248.0,67.796
2249.0,67.6729
2250.0,67.919
2251.0,67.4269
2252.0,67.4269
2253.0,67.1808
2254.0,66.5656
2255.0,66.5656
2256.0,66.6886
2257.0,66.6886
2258.0,66.8117
2259.0,67.0577
2260.0,67.1808
2261.0,67.3038
2262.0,66.9347
2263.0,67.3038
2264.0,66.8117
2265.0,67.4269
2266.0,67.1808
2267.0,67.0577
2268.0,67.0577
2269.0,66.6886
2270.0,66.8117
2271.0,67.0577
2272.0,67.1808
2273.0,66.9347
2274.0,66.9347
2275.0,66.8117
2276.0,66.9347
2277.0,66.4425
2278.0,67.1808
2279.0,67.0577
2280.0,67.0577
2281.0,66.8117
2282.0,67.3038
2283.0,67.0577
2284.0,66.8117
2285.0,66.9347
2286.0,67.0577
2287.0,66.6886
2288.0,66.8117
2289.0,66.6886
2290.0,66.8117
2291.0,66.5656
2292.0,66.4425
2293.0,66.1964
2294.0,66.0734
2295.0,66.0734
2296.0,66.6886
2297.0,66.8117
2298.0,66.5656
2299.0,66.1964
2300.0,66.8117
2301.0,66.8117
2302.0,66.4425
2303.0,66.9347
2304.0,67.3038
2305.0,67.0577
2306.0,67.4269
2307.0,67.3038
2308.0,67.0577
2309.0,66.6886
2310.0,66.8117
2311.0,66.8117
2312.0,67.0577
2313.0,66.6886
2314.0,66.4425
2315.0,66.6886
2316.0,67.1808
2317.0,66.9347
2318.0,67.3038
2319.0,67.0577
2320.0,67.3038
2321.0,67.4269
2322.0,67.796
2323.0,68.4112
2324.0,68.6573
2325.0,69.0264
2326.0,69.3955
2327.0,69.7646
2328.0,69.6416
2329.0,69.5185
2330.0,69.7646
2331.0,69.6416
2332.0,69.8877
2333.0,69.8877
2334.0,67.796
2335.0,67.919
2336.0,68.0421
2337.0,68.2881
2338.0,67.796
2339.0,67.919
2340.0,67.6729
2341.0,68.0421
2342.0,68.9033
2343.0,68.2881
2344.0,67.6729
2345.0,67.919
2346.0,66.8117
2347.0,67.796
2348.0,67.6729
2349.0,67.4269
2350.0,67.1808
2351.0,67.6729
2352.0,68.7803
2353.0,67.919
2354.0,67.6729
2355.0,67.5499
2356.0,67.0577
2357.0,67.3038
2358.0,67.3038
2359.0,67.3038
2360.0,68.4112
2361.0,67.6729
2362.0,67.1808
2363.0,66.9347
2364.0,66.9347
2365.0,67.3038
2366.0,66.6886
2367.0,67.1808
2368.0,67.3038
2369.0,67.3038
2370.0,67.3038
2371.0,67.0577
2372.0,67.0577
2373.0,66.9347
2374.0,66.8117
2375.0,67.0577
2376.0,66.9347
2377.0,66.6886
2378.0,66.8117
2379.0,66.9347
2380.0,67.1808
2381.0,67.0577
2382.0,66.8117
2383.0,66.8117
2384.0,67.0577
2385.0,67.1808
2386.0,67.1808
2387.0,67.0577
2388.0,67.1808
2389.0,67.0577
2390.0,67.1808
2391.0,67.1808
2392.0,66.6886
2393.0,66.6886
2394.0,67.0577
2395.0,66.8117
2396.0,66.9347
2397.0,66.9347
2398.0,67.0577
2399.0,66.6886
2400.0,67.0577
2401.0,66.6886
2402.0,67.0577
2403.0,66.9347
2404.0,66.9347
2405.0,66.9347
2406.0,66.9347
2407.0,67.3038
2408.0,67.0577
2409.0,67.3038
2410.0,67.0577
2411.0,67.0577
2412.0,66.6886
2413.0,66.8117
2414.0,66.8117
2415.0,66.8117
2416.0,66.6886
2417.0,67.1808
2418.0,66.6886
2419.0,66.4425
2420.0,67.0577
2421.0,66.9347
2422.0,67.3038
2423.0,66.6886
2424.0,66.9347
2425.0,67.0577
2426.0,67.0577
2427.0,66.5656
2428.0,66.6886
2429.0,66.6886
2430.0,66.8117
2431.0,67.0577
2432.0,67.0577
2433.0,66.5656
2434.0,66.8117
2435.0,66.8117
2436.0,66.6886
2437.0,66.9347
2438.0,67.0577
2439.0,67.1808
2440.0,66.6886
2441.0,66.6886
2442.0,66.6886
2443.0,66.8117
2444.0,66.8117
2445.0,66.6886
2446.0,66.6886
2447.0,66.9347
2448.0,67.0577
2449.0,67.3038
2450.0,67.796
2451.0,67.5499
2452.0,67.919
2453.0,67.4269
2454.0,67.1808
2455.0,67.0577
2456.0,67.1808
2457.0,66.9347
2458.0,67.3038
2459.0,67.4269
2460.0,66.9347
2461.0,67.0577
2462.0,67.0577
2463.0,66.6886
2464.0,67.0577
2465.0,66.9347
2466.0,66.9347
2467.0,67.4269
2468.0,67.3038
2469.0,67.1808
2470.0,67.6729
2471.0,67.3038
2472.0,66.9347
2473.0,67.0577
2474.0,66.8117
2475.0,66.8117
2476.0,66.6886
2477.0,66.6886
2478.0,66.4425
2479.0,66.8117
2480.0,66.4425
2481.0,66.8117
2482.0,66.6886
2483.0,66.5656
2484.0,66.4425
2485.0,66.5656
2486.0,66.8117
2487.0,66.9347
2488.0,66.5656
2489.0,66.8117
2490.0,68.2881
2491.0,68.7803
2492.0,69.2725
2493.0,69.3955
2494.0,69.6416
2495.0,69.7646
2496.0,69.6416
2497.0,69.6416
2498.0,69.6416
2499.0,69.6416
2500.0,69.7646
2501.0,69.6416
2502.0,67.796
2503.0,69.0264
2504.0,69.7646
2505.0,69.7646
2506.0,69.7646
2507.0,69.6416
2508.0,69.5185
2509.0,68.2881
2510.0,68.4112
2511.0,68.1651
2512.0,68.1651
2513.0,68.0421
2514.0,68.2881
2515.0,68.1651
2516.0,68.0421
2517.0,67.5499
2518.0,67.796
2519.0,67.796
2520.0,67.796
2521.0,67.919
2522.0,67.6729
2523.0,67.4269
2524.0,67.919
2525.0,67.796
2526.0,67.796
2527.0,67.5499
2528.0,67.5499
2529.0,67.6729
2530.0,67.5499
2531.0,67.3038
2532.0,66.9347
2533.0,66.8117
2534.0,67.0577
2535.0,67.0577
2536.0,67.0577
2537.0,67.1808
2538.0,67.1808
2539.0,67.1808
2540.0,67.1808
2541.0,66.9347
2542.0,67.4269
2543.0,67.3038
2544.0,67.3038
2545.0,67.3038
2546.0,67.1808
2547.0,67.1808
2548.0,67.1808
2549.0,67.0577
2550.0,67.1808
2551.0,66.9347
2552.0,66.8117
2553.0,66.9347
2554.0,66.9347
2555.0,66.9347
2556.0,66.6886
2557.0,66.8117
2558.0,66.8117
2559.0,67.6729
2560.0,67.1808
2561.0,67.1808
2562.0,67.5499
2563.0,67.4269
2564.0,67.1808
2565.0,67.0577
2566.0,67.6729
2567.0,67.6729
2568.0,67.796
2569.0,68.1651
2570.0,67.4269
2571.0,67.0577
2572.0,67.6729
2573.0,67.919
2574.0,67.4269
2575.0,67.1808
2576.0,67.1808
2577.0,67.5499
2578.0,66.8117
2579.0,66.5656
2580.0,66.9347
2581.0,67.0577
2582.0,66.9347
2583.0,66.5656
2584.0,67.1808
2585.0,67.5499
2586.0,67.1808
2587.0,67.6729
2588.0,67.1808
2589.0,67.796
2590.0,67.5499
2591.0,67.796
2592.0,66.8117
2593.0,67.0577
2594.0,66.8117
2595.0,66.8117
2596.0,66.6886
2597.0,66.8117
2598.0,67.0577
2599.0,66.6886
2600.0,67.0577
2601.0,67.0577
2602.0,67.4269
2603.0,67.796
2604.0,67.1808
2605.0,67.4269
2606.0,68.5342
2607.0,69.2725
2608.0,69.5185
2609.0,69.7646
2610.0,69.6416
2611.0,69.2725
2612.0,69.8877
2613.0,69.8877
2614.0,69.6416
2615.0,70.0107
2616.0,70.1338
2617.0,70.2568
2618.0,70.0107
2619.0,70.1338
2620.0,70.2568
2621.0,69.3955
2622.0,69.8877
2623.0,69.7646
2624.0,69.0264
2625.0,68.9033
2626.0,68.7803
2627.0,69.7646
2628.0,68.5342
2629.0,68.1651
2630.0,68.1651
2631.0,67.6729
2632.0,67.5499
2633.0,67.3038
2634.0,68.0421
2635.0,68.2881
2636.0,68.4112
2637.0,68.4112
2638.0,67.796
2639.0,67.5499
2640.0,67.6729
2641.0,67.0577
2642.0,67.5499
2643.0,67.5499
2644.0,68.0421
2645.0,67.6729
2646.0,67.4269
2647.0,67.6729
2648.0,67.6729
2649.0,67.0577
2650.0,67.5499
2651.0,67.0577
2652.0,67.4269
2653.0,67.4269
2654.0,66.9347
2655.0,67.0577
2656.0,67.1808
2657.0,67.4269
2658.0,67.1808
2659.0,67.4269
2660.0,67.4269
2661.0,67.1808
2662.0,67.4269
2663.0,67.0577
2664.0,67.6729
2665.0,67.919
2666.0,69.2725
2667.0,69.6416
2668.0,69.8877
2669.0,69.2725
2670.0,68.2881
2671.0,68.2881
2672.0,68.4112
2673.0,68.4112
2674.0,67.796
2675.0,67.919
2676.0,69.6416
2677.0,69.8877
2678.0,70.1338
2679.0,70.1338
2680.0,68.9033
2681.0,69.5185
2682.0,69.0264
2683.0,69.1494
2684.0,69.1494
2685.0,69.0264
2686.0,69.2725
2687.0,69.1494
2688.0,69.2725
2689.0,68.1651
2690.0,68.0421
2691.0,67.919
2692.0,68.2881
2693.0,67.796
2694.0,67.919
2695.0,67.796
2696.0,67.5499
2697.0,68.1651
2698.0,67.6729
2699.0,67.6729
2700.0,67.6729
2701.0,67.796
2702.0,67.5499
2703.0,67.796
2704.0,67.796
2705.0,68.0421
2706.0,67.796
2707.0,67.796
2708.0,67.4269
2709.0,67.796
2710.0,67.5499
2711.0,67.4269
2712.0,67.5499
2713.0,68.2881
2714.0,67.1808
2715.0,67.4269
2716.0,67.0577
2717.0,67.4269
2718.0,67.3038
2719.0,67.5499
2720.0,67.3038
2721.0,67.5499
2722.0,67.3038
2723.0,67.5499
2724.0,67.6729
2725.0,67.4269
2726.0,67.1808
2727.0,67.6729
2728.0,67.6729
2729.0,67.3038
2730.0,67.0577
2731.0,67.5499
2732.0,67.3038
2733.0,67.0577
2734.0,67.4269
2735.0,67.0577
2736.0,67.3038
2737.0,67.4269
2738.0,67.3038
2739.0,67.4269
2740.0,67.3038
2741.0,67.4269
2742.0,67.4269
2743.0,67.0577
2744.0,66.8117
2745.0,67.3038
2746.0,67.4269
2747.0,67.4269
2748.0,67.4269
2749.0,67.1808
2750.0,67.1808
2751.0,67.1808
2752.0,67.3038
2753.0,67.4269
2754.0,67.3038
2755.0,67.3038
2756.0,67.796
2757.0,67.3038
2758.0,67.0577
2759.0,67.3038
2760.0,67.3038
2761.0,67.5499
2762.0,67.3038
2763.0,67.1808
2764.0,66.8117
2765.0,66.6886
2766.0,67.0577
2767.0,66.8117
2768.0,67.1808
2769.0,67.4269
2770.0,67.1808
2771.0,67.0577
2772.0,67.1808
2773.0,66.9347
2774.0,67.1808
2775.0,67.3038
2776.0,67.6729
2777.0,67.3038
2778.0,67.4269
2779.0,67.796
2780.0,67.796
2781.0,68.0421
2782.0,67.6729
2783.0,67.5499
2784.0,67.1808
2785.0,67.4269
2786.0,67.4269
2787.0,67.1808
2788.0,67.4269
2789.0,67.4269
2790.0,67.3038
2791.0,67.3038
2792.0,67.4269
2793.0,67.4269
2794.0,67.3038
2795.0,66.9347
2796.0,67.4269
2797.0,67.0577
2798.0,67.1808
2799.0,67.1808
2800.0,67.3038
2801.0,66.8117
2802.0,67.1808
2803.0,67.0577
2804.0,67.1808
2805.0,67.3038
2806.0,67.6729
2807.0,67.919
2808.0,67.919
2809.0,68.9033
2810.0,69.2725
2811.0,69.5185
2812.0,69.7646
2813.0,69.7646
2814.0,69.6416
2815.0,69.8877
2816.0,69.8877
2817.0,70.2568
2818.0,70.0107
2819.0,70.0107
2820.0,70.2568
2821.0,70.2568
2822.0,70.2568
2823.0,70.1338
2824.0,69.1494
2825.0,69.2725
2826.0,70.0107
2827.0,70.5029
2828.0,70.3798
2829.0,70.3798
2830.0,70.6259
2831.0,70.5029
2832.0,70.1338
2833.0,69.1494
2834.0,68.5342
2835.0,68.5342
2836.0,68.6573
2837.0,68.6573
2838.0,68.2881
2839.0,68.0421
2840.0,68.4112
2841.0,68.7803
2842.0,67.796
2843.0,67.4269
2844.0,68.0421
2845.0,67.919
2846.0,67.6729
2847.0,67.796
2848.0,67.919
2849.0,67.796
2850.0,67.3038
2851.0,67.4269
2852.0,67.3038
2853.0,67.1808
2854.0,67.0577
2855.0,67.1808
2856.0,67.4269
2857.0,67.6729
2858.0,67.4269
2859.0,67.796
2860.0,69.3955
2861.0,68.4112
2862.0,68.2881
2863.0,67.796
2864.0,68.7803
2865.0,68.2881
2866.0,67.796
2867.0,67.5499
2868.0,68.6573
2869.0,68.4112
2870.0,67.796
2871.0,67.6729
2872.0,67.919
2873.0,68.1651
2874.0,67.919
2875.0,67.5499
2876.0,67.796
2877.0,67.5499
2878.0,67.796
2879.0,67.5499
2880.0,67.796
2881.0,67.4269
2882.0,67.1808
2883.0,67.3038
2884.0,67.3038
2885.0,66.9347
2886.0,67.0577
2887.0,67.4269
2888.0,67.4269
2889.0,67.796
2890.0,67.6729
2891.0,67.4269
2892.0,68.4112
2893.0,68.5342
2894.0,67.796
2895.0,68.5342
2896.0,69.0264
2897.0,68.4112
2898.0,69.0264
2899.0,68.1651
2900.0,69.2725
2901.0,70.0107
2902.0,70.0107
2903.0,70.0107
2904.0,70.0107
2905.0,70.3798
2906.0,69.2725
2907.0,70.0107
2908.0,69.3955
2909.0,69.3955
2910.0,70.3798
2911.0,70.6259
2912.0,70.6259
2913.0,69.5185
2914.0,68.4112
2915.0,68.0421
2916.0,67.919
2917.0,67.796
2918.0,67.6729
2919.0,67.5499
2920.0,67.6729
2921.0,67.5499
2922.0,67.5499
2923.0,68.1651
2924.0,67.919
2925.0,67.6729
2926.0,67.919
2927.0,67.919
2928.0,67.796
2929.0,68.0421
2930.0,67.919
2931.0,67.796
2932.0,67.5499
2933.0,67.4269
2934.0,67.919
2935.0,67.6729
2936.0,67.919
2937.0,67.919
2938.0,67.919
2939.0,67.796
2940.0,67.6729
2941.0,67.919
2942.0,67.6729
2943.0,67.5499
2944.0,67.3038
2945.0,67.919
2946.0,67.796
2947.0,67.796
2948.0,67.3038
2949.0,67.4269
2950.0,67.3038
2951.0,67.6729
2952.0,67.919
2953.0,67.5499
2954.0,67.5499
2955.0,67.6729
2956.0,67.5499
2957.0,67.6729
2958.0,67.4269
2959.0,67.4269
2960.0,67.3038
2961.0,67.1808
2962.0,67.1808
2963.0,67.6729
2964.0,68.1651
2965.0,67.796
2966.0,67.6729
2967.0,67.4269
2968.0,67.3038
2969.0,67.796
2970.0,68.6573
2971.0,68.7803
2972.0,69.0264
2973.0,68.2881
2974.0,68.1651
2975.0,67.919
2976.0,67.919
2977.0,67.796
2978.0,67.5499
2979.0,67.1808
2980.0,67.0577
2981.0,68.1651
2982.0,68.6573
2983.0,68.0421
2984.0,67.4269
2985.0,67.796
2986.0,67.5499
2987.0,67.6729
2988.0,67.919
2989.0,67.6729
2990.0,68.4112
2991.0,68.1651
2992.0,67.919
2993.0,67.6729
2994.0,68.0421
2995.0,67.796
2996.0,67.6729
2997.0,67.5499
2998.0,67.5499
2999.0,67.3038
3000.0,67.0577
3001.0,67.6729
3002.0,67.6729
3003.0,67.919
3004.0,67.919
3005.0,69.0264
3006.0,69.6416
3007.0,69.8877
3008.0,68.4112
3009.0,68.2881
3010.0,68.6573
3011.0,69.8877
3012.0,69.0264
3013.0,68.4112
3014.0,68.4112
3015.0,67.796
3016.0,67.6729
3017.0,67.919
3018.0,68.4112
3019.0,67.919
3020.0,68.2881
3021.0,67.5499
3022.0,67.0577
3023.0,67.4269
3024.0,67.5499
3025.0,67.4269
3026.0,67.1808
3027.0,67.5499
3028.0,67.6729
3029.0,67.796
3030.0,67.4269
3031.0,67.6729
3032.0,67.4269
3033.0,67.6729
3034.0,67.919
3035.0,67.6729
3036.0,67.1808
3037.0,67.1808
3038.0,67.4269
3039.0,67.5499
3040.0,67.796
3041.0,67.796
3042.0,67.919
3043.0,67.4269
3044.0,67.3038
3045.0,67.5499
3046.0,67.3038
3047.0,66.9347
3048.0,67.0577
3049.0,67.4269
3050.0,67.3038
3051.0,67.6729
3052.0,67.6729
3053.0,67.5499
3054.0,67.4269
3055.0,68.5342
3056.0,68.2881
3057.0,67.5499
3058.0,67.6729
3059.0,67.3038
3060.0,67.919
3061.0,68.0421
3062.0,67.796
3063.0,67.6729
3064.0,67.5499
3065.0,68.1651
3066.0,68.0421
3067.0,68.1651
3068.0,68.7803
3069.0,69.2725
3070.0,67.5499
3071.0,67.5499
3072.0,67.4269
3073.0,67.3038
3074.0,67.6729
3075.0,67.4269
3076.0,67.5499
3077.0,67.6729
3078.0,67.5499
3079.0,67.796
3080.0,67.0577
3081.0,66.9347
3082.0,67.0577
3083.0,67.3038
3084.0,67.919
3085.0,67.1808
3086.0,67.3038
3087.0,67.3038
3088.0,67.6729
3089.0,67.796
3090.0,67.4269
3091.0,67.1808
3092.0,67.1808
3093.0,67.3038
3094.0,67.6729
3095.0,67.4269
3096.0,67.1808
3097.0,67.0577
3098.0,67.1808
3099.0,67.4269
3100.0,66.9347
3101.0,67.0577
3102.0,67.1808
3103.0,67.3038
3104.0,67.0577
3105.0,67.1808
3106.0,67.1808
3107.0,67.0577
3108.0,67.1808
3109.0,67.0577
3110.0,67.6729
3111.0,67.4269
3112.0,67.0577
3113.0,67.0577
3114.0,67.1808
3115.0,67.1808
3116.0,67.0577
3117.0,67.4269
3118.0,67.0577
3119.0,67.4269
3120.0,67.4269
3121.0,67.1808
3122.0,67.4269
3123.0,67.0577
3124.0,67.3038
3125.0,67.4269
3126.0,67.6729
3127.0,67.3038
3128.0,67.4269
3129.0,67.1808
3130.0,67.1808
3131.0,67.3038
3132.0,67.1808
3133.0,66.8117
3134.0,66.8117
3135.0,66.9347
3136.0,66.8117
3137.0,66.8117
3138.0,66.9347
3139.0,67.3038
3140.0,66.9347
3141.0,66.6886
3142.0,67.0577
3143.0,67.0577
3144.0,66.8117
3145.0,66.5656
3146.0,66.9347
3147.0,67.0577
3148.0,66.8117
3149.0,66.5656
3150.0,66.6886
3151.0,67.0577
3152.0,67.1808
3153.0,67.0577
3154.0,66.9347
3155.0,66.8117
3156.0,66.5656
3157.0,67.3038
3158.0,67.3038
3159.0,67.796
3160.0,68.1651
3161.0,68.6573
3162.0,68.1651
3163.0,67.796
3164.0,68.2881
3165.0,68.0421
3166.0,67.3038
3167.0,67.4269
3168.0,66.8117
3169.0,67.0577
3170.0,67.0577
3171.0,67.796
3172.0,66.8117
3173.0,66.9347
3174.0,67.4269
3175.0,67.3038
3176.0,67.796
3177.0,67.0577
3178.0,67.3038
3179.0,66.8117
3180.0,66.9347
3181.0,67.4269
3182.0,67.1808
3183.0,67.3038
3184.0,67.3038
3185.0,66.9347
3186.0,66.9347
3187.0,67.1808
3188.0,66.8117
3189.0,67.0577
3190.0,67.1808
3191.0,67.0577
3192.0,67.0577
3193.0,67.4269
3194.0,67.3038
3195.0,67.4269
3196.0,67.0577
3197.0,66.9347
3198.0,68.7803
3199.0,69.3955
3200.0,69.6416
3201.0,69.7646
3202.0,68.2881
3203.0,67.4269
3204.0,67.3038
3205.0,67.1808
3206.0,67.4269
3207.0,67.1808
3208.0,67.1808
3209.0,67.5499
3210.0,66.9347
3211.0,67.6729
3212.0,66.6886
3213.0,66.9347
3214.0,67.0577
3215.0,66.8117
3216.0,66.5656
3217.0,66.9347
3218.0,66.9347
3219.0,66.6886
3220.0,66.9347
3221.0,67.0577
3222.0,67.3038
3223.0,67.1808
3224.0,67.5499
3225.0,67.796
3226.0,67.919
3227.0,67.919
3228.0,67.5499
3229.0,67.3038
3230.0,68.0421
3231.0,68.9033
3232.0,69.1494
3233.0,69.0264
3234.0,67.919
3235.0,67.796
3236.0,67.6729
3237.0,67.0577
3238.0,66.9347
3239.0,66.9347
3240.0,67.0577
3241.0,67.3038
3242.0,67.0577
3243.0,67.3038
3244.0,67.3038
3245.0,67.1808
3246.0,67.0577
3247.0,67.1808
3248.0,66.9347
3249.0,67.4269
3250.0,66.9347
3251.0,66.6886
3252.0,66.5656
3253.0,66.9347
3254.0,66.5656
3255.0,67.0577
3256.0,67.1808
3257.0,67.0577
3258.0,66.8117
3259.0,66.8117
3260.0,66.5656
3261.0,67.4269
3262.0,67.3038
3263.0,67.0577
3264.0,66.9347
3265.0,66.9347
3266.0,66.6886
3267.0,66.8117
3268.0,66.9347
3269.0,67.3038
3270.0,66.6886
3271.0,67.0577
3272.0,66.9347
3273.0,66.4425
3274.0,66.6886
3275.0,66.1964
3276.0,66.4425
3277.0,66.8117
3278.0,66.6886
3279.0,67.0577
3280.0,66.8117
3281.0,66.4425
3282.0,66.8117
3283.0,66.8117
3284.0,66.9347
3285.0,66.9347
3286.0,66.8117
3287.0,66.8117
3288.0,66.6886
3289.0,66.6886
3290.0,66.3195
3291.0,66.6886
3292.0,66.4425
3293.0,66.8117
3294.0,67.4269
3295.0,68.2881
3296.0,69.1494
3297.0,69.6416
3298.0,68.9033
3299.0,68.6573
3300.0,68.2881
3301.0,68.0421
3302.0,68.4112
3303.0,67.4269
3304.0,67.919
3305.0,68.0421
3306.0,67.4269
3307.0,67.0577
3308.0,67.1808
3309.0,67.4269
3310.0,67.3038
3311.0,67.1808
3312.0,67.3038
3313.0,66.8117
3314.0,66.8117
3315.0,66.8117
3316.0,66.6886
3317.0,66.8117
3318.0,66.9347
3319.0,67.0577
3320.0,66.9347
3321.0,67.3038
3322.0,67.1808
3323.0,67.3038
3324.0,67.3038
3325.0,66.9347
3326.0,66.9347
3327.0,66.8117
3328.0,66.9347
3329.0,66.9347
3330.0,66.6886
3331.0,66.9347
3332.0,67.3038
3333.0,67.1808
3334.0,67.3038
3335.0,67.1808
3336.0,66.9347
3337.0,67.0577
3338.0,67.3038
3339.0,67.0577
3340.0,67.0577
3341.0,67.1808
3342.0,66.6886
3343.0,67.0577
3344.0,67.0577
3345.0,67.0577
3346.0,66.8117
3347.0,66.6886
3348.0,66.8117
3349.0,67.4269
3350.0,67.1808
3351.0,67.5499
3352.0,66.9347
3353.0,67.6729
3354.0,66.9347
3355.0,67.4269
3356.0,67.6729
3357.0,67.919
3358.0,67.3038
3359.0,67.1808
3360.0,67.4269
3361.0,68.0421
3362.0,67.919
3363.0,67.919
3364.0,67.796
3365.0,67.4269
3366.0,66.9347
3367.0,67.1808
3368.0,67.1808
3369.0,67.1808
3370.0,67.4269
3371.0,68.4112
3372.0,69.1494
3373.0,69.5185
3374.0,69.6416
3375.0,69.3955
3376.0,69.5185
3377.0,69.8877
3378.0,69.6416
3379.0,69.5185
3380.0,69.6416
3381.0,69.8877
3382.0,69.8877
3383.0,68.9033
3384.0,69.1494
3385.0,69.7646
3386.0,70.2568
3387.0,70.0107
3388.0,70.1338
3389.0,70.3798
3390.0,70.3798
3391.0,70.2568
3392.0,70.2568
3393.0,68.9033
3394.0,68.0421
3395.0,69.3955
3396.0,69.8877
3397.0,70.2568
3398.0,70.2568
3399.0,70.5029
3400.0,70.3798
3401.0,70.0107
3402.0,70.2568
3403.0,70.0107
3404.0,68.9033
3405.0,68.1651
3406.0,68.6573
3407.0,68.2881
3408.0,68.2881
3409.0,68.4112
3410.0,68.5342
3411.0,68.6573
3412.0,68.1651
3413.0,68.1651
3414.0,68.5342
3415.0,68.1651
3416.0,68.0421
3417.0,68.5342
3418.0,68.5342
3419.0,68.4112
3420.0,68.2881
3421.0,68.1651
3422.0,67.796
3423.0,68.1651
3424.0,67.919
3425.0,68.0421
3426.0,67.919
3427.0,68.1651
3428.0,67.796
3429.0,68.2881
3430.0,69.0264
3431.0,69.5185
3432.0,70.2568
3433.0,70.2568
3434.0,70.5029
3435.0,70.2568
3436.0,70.5029
3437.0,70.2568
3438.0,70.5029
3439.0,70.872
3440.0,70.5029
3441.0,70.872
3442.0,70.2568
3443.0,70.5029
3444.0,70.749
3445.0,70.995
3446.0,70.872
3447.0,70.872
3448.0,71.1181
3449.0,70.0107
3450.0,69.2725
3451.0,69.3955
3452.0,68.5342
3453.0,68.4112
3454.0,68.1651
3455.0,68.0421
3456.0,68.0421
3457.0,68.0421
3458.0,68.0421
3459.0,68.0421
3460.0,68.6573
3461.0,68.2881
3462.0,68.2881
3463.0,68.0421
3464.0,68.2881
3465.0,68.7803
3466.0,68.1651
3467.0,68.1651
3468.0,67.919
3469.0,68.6573
3470.0,68.6573
3471.0,68.7803
3472.0,69.2725
3473.0,69.0264
3474.0,68.2881
3475.0,68.2881
3476.0,68.1651
3477.0,68.5342
3478.0,68.5342
3479.0,67.6729
3480.0,68.1651
3481.0,69.5185
3482.0,70.0107
3483.0,70.3798
3484.0,70.3798
3485.0,68.7803
3486.0,68.6573
3487.0,68.2881
3488.0,69.8877
3489.0,69.3955
3490.0,68.1651
3491.0,68.1651
3492.0,67.6729
3493.0,67.6729
3494.0,67.5499
3495.0,67.4269
3496.0,67.796
3497.0,68.1651
3498.0,68.4112
3499.0,68.0421
3500.0,67.919
3501.0,67.796
3502.0,68.1651
3503.0,67.796
3504.0,67.6729
3505.0,67.919
3506.0,68.0421
3507.0,67.5499
3508.0,67.5499
3509.0,67.796
3510.0,67.6729
3511.0,67.6729
3512.0,67.796
3513.0,67.919
3514.0,68.0421
3515.0,67.919
3516.0,67.6729
3517.0,67.6729
3518.0,67.4269
3519.0,67.796
3520.0,67.919
3521.0,67.796
3522.0,67.919
3523.0,68.5342
3524.0,68.5342
3525.0,68.4112
3526.0,68.2881
3527.0,68.0421
3528.0,68.4112
3529.0,68.2881
3530.0,68.2881
3531.0,68.1651
3532.0,67.796
3533.0,69.0264
3534.0,68.6573
3535.0,67.919
3536.0,68.2881
3537.0,68.6573
3538.0,69.1494
3539.0,69.1494
3540.0,69.6416
3541.0,69.7646
3542.0,69.1494
3543.0,68.5342
3544.0,68.2881
3545.0,70.0107
3546.0,70.2568
3547.0,69.8877
3548.0,68.5342
3549.0,68.1651
3550.0,68.1651
3551.0,67.919
3552.0,67.919
3553.0,68.2881
3554.0,68.2881
3555.0,68.5342
3556.0,68.0421
3557.0,68.9033
3558.0,68.9033
3559.0,68.9033
3560.0,68.6573
3561.0,69.1494
3562.0,68.5342
3563.0,68.2881
3564.0,68.4112
3565.0,68.5342
3566.0,67.919
3567.0,67.796
3568.0,68.4112
3569.0,68.5342
3570.0,68.1651
3571.0,68.0421
3572.0,67.796
3573.0,67.796
3574.0,67.6729
3575.0,67.6729
3576.0,67.5499
3577.0,67.5499
3578.0,69.7646
3579.0,70.2568
3580.0,70.5029
3581.0,70.5029
3582.0,70.0107
3583.0,69.2725
3584.0,70.3798
3585.0,70.5029
3586.0,70.995
3587.0,70.995
3588.0,70.872
3589.0,70.749
3590.0,70.872
3591.0,70.995
3592.0,70.872
3593.0,69.8877
3594.0,68.6573
3595.0,70.1338
3596.0,70.872
3597.0,70.995
3598.0,71.2411
3599.0,71.2411
3600.0,70.995
3601.0,70.872
3602.0,69.0264
3603.0,69.1494
3604.0,69.1494
3605.0,68.5342
3606.0,69.1494
3607.0,68.7803
3608.0,70.2568
3609.0,70.5029
3610.0,70.749
3611.0,71.1181
3612.0,70.6259
3613.0,70.749
3614.0,70.872
3615.0,71.2411
3616.0,69.2725
3617.0,68.6573
3618.0,70.749
3619.0,70.995
3620.0,71.3642
3621.0,71.4872
3622.0,71.3642
3623.0,71.3642
3624.0,71.1181
3625.0,71.6102
3626.0,71.2411
3627.0,71.6102
3628.0,71.6102
3629.0,71.3642
3630.0,71.3642
3631.0,71.4872
3632.0,71.7333
3633.0,71.6102
3634.0,71.4872
3635.0,71.7333
3636.0,71.7333
3637.0,71.9794
3638.0,71.9794
3639.0,71.8563
3640.0,72.1024
3641.0,71.4872
3642.0,71.8563
3643.0,71.8563
3644.0,71.7333
3645.0,71.9794
3646.0,71.2411
3647.0,71.7333
3648.0,71.7333
3649.0,71.4872
3650.0,71.2411
3651.0,71.3642
3652.0,71.8563
3653.0,71.3642
3654.0,71.1181
3655.0,70.995
3656.0,70.5029
3657.0,70.2568
3658.0,69.8877
3659.0,70.0107
3660.0,69.8877
3661.0,69.6416
3662.0,69.2725
3663.0,69.5185
3664.0,69.6416
3665.0,69.6416
3666.0,69.7646
3667.0,69.7646
3668.0,69.5185
3669.0,69.7646
3670.0,69.3955
3671.0,69.6416
3672.0,69.7646
3673.0,69.5185
3674.0,69.7646
3675.0,70.1338
3676.0,69.6416
3677.0,69.8877
3678.0,69.5185
3679.0,69.6416
3680.0,69.6416
3681.0,69.6416
3682.0,69.5185
3683.0,69.5185
3684.0,69.5185
3685.0,69.2725
3686.0,69.2725
3687.0,69.0264
3688.0,68.6573
3689.0,68.7803
3690.0,68.5342
3691.0,68.5342
3692.0,68.5342
3693.0,68.6573
3694.0,69.7646
3695.0,69.6416
3696.0,68.9033
3697.0,68.9033
3698.0,68.9033
3699.0,69.0264
3700.0,68.7803
3701.0,68.9033
3702.0,68.6573
3703.0,68.7803
3704.0,68.7803
3705.0,68.6573
3706.0,68.5342
3707.0,68.5342
3708.0,68.4112
3709.0,68.1651
3710.0,68.2881
3711.0,68.7803
3712.0,68.4112
3713.0,68.7803
3714.0,68.4112
3715.0,68.2881
3716.0,68.1651
3717.0,68.1651
3718.0,68.1651
3719.0,68.4112
3720.0,68.4112
3721.0,68.5342
3722.0,68.1651
3723.0,68.0421
3724.0,68.2881
3725.0,68.5342
3726.0,68.2881
3727.0,68.0421
3728.0,68.0421
3729.0,67.919
3730.0,68.0421
3731.0,68.1651
3732.0,68.0421
3733.0,68.5342
3734.0,68.4112
3735.0,68.4112
3736.0,68.1651
3737.0,68.6573
3738.0,67.919
3739.0,68.1651
3740.0,67.796
3741.0,67.796
3742.0,67.796
3743.0,67.5499
3744.0,67.4269
3745.0,67.796
3746.0,67.796
3747.0,67.4269
3748.0,67.4269
3749.0,67.3038
3750.0,67.5499
3751.0,67.1808
3752.0,67.796
3753.0,67.919
3754.0,67.796
3755.0,67.6729
3756.0,67.5499
3757.0,67.796
3758.0,67.5499
3759.0,67.5499
3760.0,67.796
3761.0,67.796
3762.0,67.5499
3763.0,67.919
3764.0,67.4269
3765.0,67.5499
3766.0,67.796
3767.0,67.5499
3768.0,67.6729
3769.0,67.6729
3770.0,67.5499
3771.0,67.796
3772.0,67.919
3773.0,67.919
3774.0,68.1651
3775.0,68.0421
3776.0,67.796
3777.0,67.796
3778.0,68.1651
3779.0,69.5185
3780.0,69.8877
3781.0,70.0107
3782.0,70.3798
3783.0,70.5029
3784.0,70.6259
3785.0,70.3798
3786.0,70.6259
3787.0,70.5029
3788.0,70.6259
3789.0,69.2725
3790.0,68.7803
3791.0,70.3798
3792.0,70.5029
3793.0,70.6259
3794.0,70.6259
3795.0,70.6259
3796.0,70.749
3797.0,70.872
3798.0,70.872
3799.0,70.995
3800.0,69.1494
3801.0,69.7646
3802.0,70.3798
3803.0,70.6259
3804.0,70.749
3805.0,70.749
3806.0,71.1181
3807.0,71.1181
3808.0,70.995
3809.0,70.995
3810.0,71.1181
3811.0,71.1181
3812.0,71.1181
3813.0,70.995
3814.0,70.872
3815.0,70.872
3816.0,70.872
3817.0,70.872
3818.0,71.1181
3819.0,71.3642
3820.0,70.749
3821.0,71.3642
3822.0,71.2411
3823.0,71.1181
3824.0,71.1181
3825.0,71.1181
3826.0,71.1181
3827.0,71.3642
3828.0,71.3642
3829.0,71.2411
3830.0,71.3642
3831.0,71.2411
3832.0,71.7333
3833.0,71.3642
3834.0,71.4872
3835.0,71.3642
3836.0,71.4872
3837.0,71.4872
3838.0,71.4872
3839.0,71.1181
3840.0,71.1181
3841.0,71.4872
3842.0,71.6102
3843.0,71.6102
3844.0,71.7333
3845.0,71.3642
3846.0,71.7333
3847.0,71.7333
3848.0,71.4872
3849.0,71.4872
3850.0,71.7333
3851.0,71.8563
3852.0,71.8563
3853.0,71.8563
3854.0,71.8563
3855.0,71.6102
3856.0,71.7333
3857.0,71.6102
3858.0,71.7333
3859.0,71.7333
3860.0,71.6102
3861.0,71.8563
3862.0,71.9794
3863.0,71.9794
3864.0,71.6102
3865.0,71.8563
3866.0,71.8563
3867.0,71.9794
3868.0,71.8563
3869.0,71.9794
3870.0,71.8563
3871.0,71.9794
3872.0,72.1024
3873.0,72.2254
3874.0,72.1024
3875.0,72.1024
3876.0,72.2254
3877.0,72.1024
3878.0,71.9794
3879.0,71.8563
3880.0,71.6102
3881.0,72.1024
3882.0,72.2254
3883.0,72.1024
3884.0,72.1024
3885.0,71.9794
3886.0,71.9794
3887.0,71.9794
3888.0,72.3485
3889.0,71.9794
3890.0,72.2254
3891.0,72.2254
3892.0,72.1024
3893.0,72.3485
3894.0,72.2254
3895.0,71.9794
3896.0,72.3485
3897.0,71.9794
3898.0,72.4715
3899.0,72.3485
3900.0,71.9794
3901.0,71.8563
3902.0,72.3485
3903.0,72.1024
3904.0,72.2254
3905.0,72.1024
3906.0,72.1024
3907.0,72.1024
3908.0,72.2254
3909.0,72.2254
3910.0,72.1024
3911.0,72.3485
3912.0,70.1338
3913.0,69.3955
3914.0,69.2725
3915.0,69.0264
3916.0,69.0264
3917.0,68.6573
3918.0,68.6573
3919.0,68.5342
3920.0,68.7803
3921.0,68.7803
3922.0,68.6573
3923.0,68.4112
3924.0,68.4112
3925.0,68.1651
3926.0,68.1651
3927.0,68.4112
3928.0,68.2881
3929.0,68.4112
3930.0,68.1651
3931.0,67.919
3932.0,68.0421
3933.0,68.1651
3934.0,68.0421
3935.0,67.796
3936.0,67.6729
3937.0,68.1651
3938.0,68.0421
3939.0,67.919
3940.0,67.5499
3941.0,67.919
3942.0,67.796
3943.0,67.796
3944.0,67.5499
3945.0,67.5499
3946.0,67.919
3947.0,67.6729
3948.0,67.6729
3949.0,67.6729
3950.0,67.6729
3951.0,67.5499
3952.0,67.4269
3953.0,67.3038
3954.0,67.5499
3955.0,67.5499
3956.0,67.4269
3957.0,67.1808
3958.0,67.3038
3959.0,67.0577
3960.0,67.4269
3961.0,67.0577
3962.0,67.0577
3963.0,66.9347
3964.0,66.8117
3965.0,67.1808
3966.0,66.9347
3967.0,66.8117
3968.0,66.6886
3969.0,66.9347
3970.0,66.5656
3971.0,66.6886
3972.0,66.6886
3973.0,66.6886
3974.0,66.5656
3975.0,66.6886
3976.0,66.5656
3977.0,66.6886
3978.0,66.5656
3979.0,66.5656
3980.0,66.3195
3981.0,66.3195
3982.0,66.4425
3983.0,66.4425
3984.0,66.4425
3985.0,66.4425
3986.0,66.3195
3987.0,66.3195
3988.0,66.0734
3989.0,66.1964
3990.0,66.4425
3991.0,66.1964
3992.0,66.0734
3993.0,65.8273
3994.0,66.1964
3995.0,65.8273
3996.0,66.0734
3997.0,66.1964
3998.0,65.9504
3999.0,65.9504
4000.0,65.8273
4001.0,65.9504
4002.0,65.7043
4003.0,65.4582
4004.0,65.5812
4005.0,65.5812
4006.0,65.4582
4007.0,65.8273
4008.0,65.4582
4009.0,65.8273
4010.0,65.7043
4011.0,65.2121
4012.0,65.5812
4013.0,65.2121
4014.0,65.5812
4015.0,65.4582
4016.0,65.2121
4017.0,65.3352
4018.0,65.3352
4019.0,65.2121
4020.0,65.5812
4021.0,65.2121
4022.0,65.0891
4023.0,65.0891
4024.0,65.0891
4025.0,64.843
4026.0,65.2121
4027.0,65.0891
4028.0,65.2121
4029.0,64.966
4030.0,65.2121
4031.0,64.966
4032.0,64.966
4033.0,64.843
4034.0,64.72
4035.0,64.843
4036.0,64.5969
4037.0,64.843
4038.0,64.5969
4039.0,64.5969
4040.0,64.4739
4041.0,64.3508
4042.0,64.72
4043.0,64.72
4044.0,64.2278
4045.0,64.72
4046.0,64.5969
4047.0,64.4739
4048.0,64.1048
4049.0,64.4739
4050.0,64.3508
4051.0,64.1048
4052.0,64.4739
4053.0,63.9817
4054.0,64.1048
4055.0,64.1048
4056.0,63.9817
4057.0,64.4739
4058.0,63.8587
4059.0,64.2278
4060.0,64.2278
4061.0,63.7356
4062.0,64.1048
4063.0,63.9817
4064.0,63.9817
4065.0,63.9817
4066.0,64.1048
4067.0,63.9817
4068.0,63.9817
4069.0,63.8587
4070.0,63.7356
4071.0,63.8587
4072.0,63.7356
4073.0,63.7356
4074.0,63.7356
4075.0,63.7356
4076.0,63.7356
4077.0,63.6126
4078.0,63.4896
4079.0,63.4896
4080.0,63.3665
4081.0,63.7356
4082.0,63.6126
4083.0,63.4896
4084.0,63.7356
4085.0,63.4896
4086.0,63.4896
4087.0,63.2435
4088.0,63.2435
4089.0,63.4896
4090.0,63.4896
4091.0,63.3665
4092.0,63.3665
4093.0,63.4896
4094.0,63.4896
4095.0,63.3665
4096.0,63.3665
4097.0,63.2435
4098.0,62.9974
4099.0,63.1204
4100.0,63.1204
4101.0,63.2435
4102.0,62.8743
4103.0,63.2435
4104.0,63.3665
4105.0,63.2435
4106.0,63.3665
4107.0,62.9974
4108.0,63.2435
4109.0,62.9974
4110.0,62.9974
4111.0,62.6283
4112.0,63.1204
4113.0,62.9974
4114.0,62.9974
4115.0,62.7513
4116.0,62.8743
4117.0,62.9974
4118.0,62.9974
4119.0,62.8743
4120.0,62.8743
4121.0,62.6283
4122.0,62.7513
4123.0,62.7513
4124.0,62.6283
4125.0,62.7513
4126.0,62.6283
4127.0,62.7513
4128.0,62.6283
4129.0,62.6283
4130.0,62.7513
4131.0,62.7513
4132.0,62.6283
4133.0,62.7513
4134.0,62.6283
4135.0,62.7513
4136.0,62.7513
4137.0,62.5052
4138.0,62.7513
4139.0,62.6283
4140.0,62.6283
4141.0,62.7513
4142.0,62.5052
4143.0,62.6283
4144.0,62.5052
4145.0,62.6283
4146.0,62.3822
4147.0,62.5052
4148.0,62.5052
4149.0,62.6283
4150.0,62.5052
4151.0,62.6283
4152.0,62.3822
4153.0,62.6283
4154.0,62.3822
4155.0,62.5052
4156.0,62.5052
4157.0,62.5052
4158.0,62.3822
4159.0,62.6283
4160.0,62.2591
4161.0,62.3822
4162.0,62.5052
4163.0,62.3822
4164.0,62.5052
4165.0,62.5052
4166.0,62.5052
4167.0,62.1361
4168.0,62.3822
4169.0,62.2591
4170.0,62.5052
4171.0,62.5052
4172.0,62.5052
4173.0,62.6283
4174.0,62.1361
4175.0,62.3822
4176.0,62.0131
4177.0,62.3822
4178.0,62.2591
4179.0,62.2591
4180.0,62.3822
4181.0,62.0131
4182.0,62.1361
4183.0,62.2591
4184.0,62.2591
4185.0,62.2591
4186.0,62.2591
4187.0,62.3822
4188.0,62.1361
4189.0,62.1361
4190.0,62.3822
4191.0,62.3822
4192.0,62.3822
4193.0,62.0131
4194.0,62.2591
4195.0,62.3822
4196.0,62.0131
4197.0,61.89
4198.0,62.3822
4199.0,62.1361
4200.0,61.89
4201.0,61.89
4202.0,62.0131
4203.0,62.1361
4204.0,62.2591
4205.0,61.767
4206.0,62.1361
4207.0,62.1361
4208.0,61.89
4209.0,62.0131
4210.0,62.0131
4211.0,62.1361
4212.0,61.89
4213.0,62.3822
4214.0,62.1361
4215.0,62.0131
4216.0,61.767
4217.0,61.89
4218.0,62.0131
4219.0,62.2591
4220.0,62.1361
4221.0,62.2591
4222.0,61.767
4223.0,61.89
4224.0,61.89
4225.0,61.89
4226.0,62.1361
4227.0,62.1361
4228.0,62.0131
4229.0,61.89
4230.0,62.0131
4231.0,62.0131
4232.0,62.1361
4233.0,62.0131
4234.0,61.767
4235.0,62.1361
4236.0,61.767
4237.0,62.0131
4238.0,62.1361
4239.0,61.767
4240.0,61.767
4241.0,62.0131
4242.0,62.2591
4243.0,61.767
4244.0,61.6439
4245.0,61.89
4246.0,61.89
4247.0,62.0131
4248.0,62.0131
4249.0,61.767
4250.0,61.6439
4251.0,62.0131
4252.0,61.6439
4253.0,61.767
4254.0,61.89
4255.0,61.89
4256.0,62.0131
4257.0,61.767
4258.0,61.767
4259.0,62.0131
4260.0,61.89
4261.0,61.6439
4262.0,61.767
4263.0,62.0131
4264.0,61.767
4265.0,61.89
4266.0,61.6439
4267.0,61.89
4268.0,61.5209
4269.0,61.6439
4270.0,61.767
4271.0,61.2748
4272.0,61.5209
4273.0,61.89
4274.0,61.89
4275.0,61.89
4276.0,61.89
4277.0,61.767
4278.0,61.767
4279.0,61.767
4280.0,61.89
4281.0,61.5209
4282.0,61.767
4283.0,61.3979
4284.0,61.6439
4285.0,61.767
4286.0,61.767
4287.0,61.5209
4288.0,61.767
4289.0,61.5209
4290.0,61.3979
4291.0,61.5209
4292.0,61.5209
4293.0,61.5209
4294.0,61.2748
4295.0,61.767
4296.0,61.5209
4297.0,61.3979
4298.0,61.1518
4299.0,61.6439
4300.0,61.2748
4301.0,61.3979
4302.0,61.3979
4303.0,61.2748
4304.0,61.3979
4305.0,61.3979
4306.0,61.3979
4307.0,61.3979
4308.0,61.1518
4309.0,61.3979
4310.0,61.0287
4311.0,61.1518
4312.0,61.3979
4313.0,61.5209
4314.0,61.3979
4315.0,61.2748
4316.0,61.3979
4317.0,61.2748
4318.0,61.3979
4319.0,61.3979
4320.0,61.1518
4321.0,61.0287
4322.0,61.0287
4323.0,60.7827
4324.0,61.0287
4325.0,61.2748
4326.0,61.2748
4327.0,61.1518
4328.0,61.1518
4329.0,61.2748
4330.0,61.3979
4331.0,61.2748
4332.0,60.9057
4333.0,61.0287
4334.0,61.2748
4335.0,61.1518
4336.0,60.9057
4337.0,61.2748
4338.0,60.9057
4339.0,61.2748
4340.0,61.0287
4341.0,60.7827
4342.0,60.9057
4343.0,61.2748
4344.0,60.9057
4345.0,60.9057
4346.0,61.0287
4347.0,60.7827
4348.0,60.9057
4349.0,60.7827
4350.0,61.2748
4351.0,60.9057
4352.0,61.2748
4353.0,61.0287
4354.0,61.0287
4355.0,60.6596
4356.0,60.9057
4357.0,60.9057
4358.0,61.1518
4359.0,61.0287
4360.0,60.7827
4361.0,60.9057
4362.0,60.7827
4363.0,61.0287
4364.0,61.0287
4365.0,61.0287
4366.0,61.0287
4367.0,60.7827
4368.0,60.6596
4369.0,60.7827
4370.0,60.9057
4371.0,60.9057
4372.0,61.0287
4373.0,60.7827
4374.0,60.6596
4375.0,60.7827
4376.0,61.0287
4377.0,60.7827
4378.0,60.9057
4379.0,60.6596
4380.0,60.7827
4381.0,60.7827
4382.0,60.7827
4383.0,60.6596
4384.0,60.6596
4385.0,60.7827
4386.0,60.6596
4387.0,60.6596
4388.0,60.6596
4389.0,60.5366
4390.0,60.5366
4391.0,60.6596
4392.0,60.5366
4393.0,60.5366
4394.0,60.7827
4395.0,60.4135
4396.0,60.6596
4397.0,60.7827
4398.0,60.6596
4399.0,60.6596
4400.0,60.5366
4401.0,60.6596
4402.0,60.4135
4403.0,60.4135
4404.0,60.1674
4405.0,60.2905
4406.0,60.1674
4407.0,60.4135
4408.0,60.5366
4409.0,60.5366
4410.0,60.4135
4411.0,60.4135
4412.0,60.4135
4413.0,60.5366
4414.0,60.4135
4415.0,60.2905
4416.0,60.6596
4417.0,60.2905
4418.0,60.1674
4419.0,60.4135
4420.0,60.1674
4421.0,60.5366
4422.0,60.4135
4423.0,60.1674
4424.0,60.4135
4425.0,60.5366
4426.0,60.0444
4427.0,60.4135
4428.0,60.5366
4429.0,60.4135
4430.0,60.4135
4431.0,60.2905
4432.0,60.1674
4433.0,60.2905
4434.0,60.4135
4435.0,60.2905
4436.0,60.2905
4437.0,60.1674
4438.0,60.4135
4439.0,60.0444
4440.0,60.0444
4441.0,60.4135
4442.0,59.9214
4443.0,60.1674
4444.0,60.4135
4445.0,60.0444
4446.0,59.9214
4447.0,59.9214
4448.0,60.0444
4449.0,60.1674
4450.0,59.9214
4451.0,60.4135
4452.0,60.0444
4453.0,59.9214
4454.0,60.1674
4455.0,59.7983
4456.0,60.0444
4457.0,59.9214
4458.0,60.1674
4459.0,59.6753
4460.0,59.9214
4461.0,59.9214
4462.0,59.7983
4463.0,59.9214
4464.0,59.7983
4465.0,59.7983
4466.0,59.5522
4467.0,60.0444
4468.0,59.7983
4469.0,59.7983
4470.0,60.0444
4471.0,60.0444
4472.0,59.9214
4473.0,59.6753
4474.0,59.7983
4475.0,59.6753
4476.0,59.9214
4477.0,60.0444
4478.0,60.0444
4479.0,59.7983
4480.0,59.6753
4481.0,59.7983
4482.0,60.0444
4483.0,59.7983
4484.0,59.6753
4485.0,59.7983
4486.0,59.7983
4487.0,59.9214
4488.0,60.0444
4489.0,59.7983
4490.0,59.7983
4491.0,59.9214
4492.0,60.0444
4493.0,59.7983
4494.0,60.0444
4495.0,59.9214
4496.0,59.9214
4497.0,59.6753
4498.0,59.6753
4499.0,59.5522
4500.0,59.6753
4501.0,59.5522
4502.0,59.7983
4503.0,59.4292
4504.0,59.9214
4505.0,59.7983
4506.0,59.5522
4507.0,59.4292
4508.0,59.4292
4509.0,59.6753
4510.0,59.7983
4511.0,59.4292
4512.0,59.6753
4513.0,59.6753
4514.0,59.9214
4515.0,59.7983
4516.0,59.6753
4517.0,59.5522
4518.0,59.4292
4519.0,59.4292
4520.0,59.6753
4521.0,59.7983
4522.0,59.7983
4523.0,59.6753
4524.0,59.7983
4525.0,59.7983
4526.0,59.3062
4527.0,59.4292
4528.0,59.4292
4529.0,59.6753
4530.0,59.4292
4531.0,59.4292
4532.0,59.5522
4533.0,59.4292
4534.0,59.3062
4535.0,59.4292
4536.0,59.4292
4537.0,59.3062
4538.0,59.5522
4539.0,59.3062
4540.0,59.5522
4541.0,59.4292
4542.0,59.4292
4543.0,59.3062
4544.0,59.4292
4545.0,59.6753
4546.0,59.3062
4547.0,59.1831
4548.0,59.5522
4549.0,59.1831
4550.0,59.5522
4551.0,58.937
4552.0,59.1831
4553.0,59.4292
4554.0,59.1831
4555.0,59.3062
4556.0,59.3062
4557.0,59.1831
4558.0,59.5522
4559.0,59.3062
4560.0,59.4292
4561.0,59.3062
4562.0,59.3062
4563.0,59.0601
4564.0,59.1831
4565.0,59.5522
4566.0,59.4292
4567.0,59.3062
4568.0,59.3062
4569.0,59.0601
4570.0,59.4292
4571.0,59.1831
4572.0,59.4292
4573.0,59.5522
4574.0,58.937
4575.0,59.1831
4576.0,59.3062
4577.0,58.937
4578.0,59.1831
4579.0,59.1831
4580.0,59.1831
4581.0,59.4292
4582.0,59.1831
4583.0,59.1831
4584.0,59.3062
4585.0,58.814
4586.0,59.3062
4587.0,59.3062
4588.0,59.3062
4589.0,59.1831
4590.0,59.0601
4591.0,59.3062
4592.0,59.1831
4593.0,59.1831
4594.0,59.3062
4595.0,59.3062
4596.0,59.0601
4597.0,59.1831
4598.0,59.0601
4599.0,59.4292
4600.0,59.1831
4601.0,59.0601
4602.0,59.0601
4603.0,59.3062
4604.0,59.0601
4605.0,59.3062
4606.0,59.3062
4607.0,59.0601
4608.0,58.937
4609.0,59.1831
4610.0,59.0601
4611.0,59.3062
4612.0,59.0601
4613.0,59.0601
4614.0,59.1831
4615.0,59.3062
4616.0,59.0601
4617.0,58.937
4618.0,59.3062
4619.0,58.937
4620.0,59.0601
4621.0,58.937
4622.0,58.814
4623.0,58.937
4624.0,59.1831
4625.0,58.814
4626.0,59.1831
4627.0,58.937
4628.0,58.937
4629.0,59.0601
4630.0,59.1831
4631.0,58.691
4632.0,58.937
4633.0,59.1831
4634.0,58.814
4635.0,58.691
4636.0,59.1831
4637.0,58.937
4638.0,58.937
4639.0,59.0601
4640.0,59.0601
4641.0,59.0601
4642.0,58.937
4643.0,58.814
4644.0,58.691
4645.0,59.0601
4646.0,58.937
4647.0,59.1831
4648.0,58.691
4649.0,58.691
4650.0,59.0601
4651.0,58.937
4652.0,58.937
4653.0,58.814
4654.0,58.937
4655.0,59.0601
4656.0,58.814
4657.0,58.5679
4658.0,59.0601
4659.0,58.814
4660.0,59.0601
4661.0,58.937
4662.0,58.814
4663.0,59.0601
4664.0,58.814
4665.0,58.937
4666.0,58.937
4667.0,58.937
4668.0,58.814
4669.0,58.691
4670.0,58.5679
4671.0,58.937
4672.0,58.691
4673.0,58.691
4674.0,58.691
4675.0,58.937
4676.0,58.814
4677.0,58.937
4678.0,58.814
4679.0,58.5679
4680.0,58.4449
4681.0,58.937
4682.0,58.4449
4683.0,58.691
4684.0,58.5679
4685.0,58.691
4686.0,58.5679
4687.0,58.814
4688.0,58.691
4689.0,58.4449
4690.0,58.937
4691.0,58.4449
4692.0,58.691
4693.0,58.814
4694.0,58.937
4695.0,58.814
4696.0,58.691
4697.0,58.814
4698.0,58.5679
4699.0,58.691
4700.0,58.4449
4701.0,58.814
4702.0,58.691
4703.0,58.814
4704.0,58.937
4705.0,58.5679
4706.0,58.691
4707.0,58.691
4708.0,58.5679
4709.0,58.814
4710.0,58.691
4711.0,58.814
4712.0,58.691
4713.0,58.691
4714.0,58.691
4715.0,58.691
4716.0,58.691
4717.0,58.5679
4718.0,58.814
4719.0,58.814
4720.0,58.691
4721.0,59.0601
4722.0,58.691
4723.0,58.814
4724.0,58.5679
4725.0,59.0601
4726.0,58.814
4727.0,58.937
4728.0,59.0601
4729.0,58.937
4730.0,58.691
4731.0,58.814
4732.0,58.937
4733.0,58.5679
4734.0,58.814
4735.0,58.814
4736.0,58.5679
4737.0,58.5679
4738.0,58.691
4739.0,58.937
4740.0,58.5679
4741.0,58.691
4742.0,58.814
4743.0,58.814
4744.0,59.0601
4745.0,58.5679
4746.0,58.937
4747.0,58.937
4748.0,59.1831
4749.0,58.814
4750.0,58.691
4751.0,58.814
4752.0,58.814
4753.0,59.0601
4754.0,58.814
4755.0,58.5679
4756.0,58.937
4757.0,58.937
4758.0,58.937
4759.0,58.691
4760.0,58.814
4761.0,59.0601
4762.0,58.937
4763.0,59.0601
4764.0,58.814
4765.0,58.5679
4766.0,59.0601
4767.0,58.937
4768.0,59.0601
4769.0,58.691
4770.0,59.0601
4771.0,59.1831
4772.0,58.814
4773.0,59.0601
4774.0,58.937
4775.0,59.0601
4776.0,59.3062
4777.0,58.691
4778.0,59.1831
4779.0,58.937
4780.0,58.691
4781.0,58.937
4782.0,59.3062
4783.0,58.937
4784.0,58.814
4785.0,58.937
4786.0,59.1831
4787.0,59.0601
4788.0,59.3062
4789.0,59.1831
4790.0,59.4292
4791.0,59.1831
4792.0,59.1831
4793.0,59.4292
4794.0,59.0601
4795.0,59.3062
4796.0,59.1831
4797.0,59.0601
4798.0,59.1831
4799.0,59.0601
4800.0,59.0601
4801.0,59.3062
4802.0,59.3062
4803.0,59.4292
4804.0,59.3062
4805.0,59.3062
4806.0,59.0601
4807.0,59.1831
4808.0,59.1831
4809.0,59.0601
4810.0,59.3062
4811.0,59.3062
4812.0,59.4292
4813.0,59.6753
4814.0,59.1831
4815.0,59.3062
4816.0,59.5522
4817.0,59.3062
4818.0,59.1831
4819.0,59.4292
4820.0,59.4292
4821.0,59.5522
4822.0,59.3062
4823.0,59.4292
4824.0,59.4292
4825.0,59.6753
4826.0,59.3062
4827.0,59.5522
4828.0,59.5522
4829.0,59.4292
4830.0,59.3062
4831.0,59.5522
4832.0,59.6753
4833.0,59.5522
4834.0,59.4292
4835.0,59.6753
4836.0,59.5522
4837.0,59.7983
4838.0,59.5522
4839.0,59.6753
4840.0,59.5522
4841.0,59.5522
4842.0,59.4292
4843.0,59.5522
4844.0,59.6753
4845.0,59.6753
4846.0,59.4292
4847.0,59.4292
4848.0,59.4292
4849.0,59.5522
4850.0,59.5522
4851.0,59.4292
4852.0,59.4292
4853.0,59.4292
4854.0,59.5522
4855.0,59.6753
4856.0,59.5522
4857.0,59.9214
4858.0,59.6753
4859.0,59.6753
4860.0,59.5522
4861.0,59.9214
4862.0,59.4292
4863.0,59.7983
4864.0,59.7983
4865.0,60.0444
4866.0,59.9214
4867.0,59.9214
4868.0,59.6753
4869.0,59.5522
4870.0,59.5522
4871.0,59.7983
4872.0,59.6753
4873.0,59.9214
4874.0,59.6753
4875.0,59.9214
4876.0,59.7983
4877.0,59.9214
4878.0,59.6753
4879.0,59.6753
4880.0,59.9214
4881.0,59.9214
4882.0,60.1674
4883.0,59.7983
4884.0,60.0444
4885.0,59.7983
4886.0,60.0444
4887.0,59.9214
4888.0,59.7983
4889.0,60.0444
4890.0,59.6753
4891.0,59.6753
4892.0,60.1674
4893.0,59.9214
4894.0,60.0444
4895.0,60.0444
4896.0,59.9214
4897.0,60.0444
4898.0,59.6753
4899.0,60.0444
4900.0,60.0444
4901.0,59.9214
4902.0,59.7983
4903.0,60.0444
4904.0,59.9214
4905.0,60.1674
4906.0,60.0444
4907.0,59.7983
4908.0,59.9214
4909.0,60.1674
4910.0,60.0444
4911.0,59.9214
4912.0,59.9214
4913.0,60.0444
4914.0,59.9214
4915.0,59.7983
4916.0,59.9214
4917.0,59.9214
4918.0,59.9214
4919.0,59.9214
4920.0,59.7983
4921.0,60.1674
4922.0,59.6753
4923.0,60.0444
4924.0,60.0444
4925.0,59.7983
4926.0,60.1674
4927.0,59.7983
4928.0,59.9214
4929.0,59.9214
4930.0,60.0444
4931.0,60.0444
4932.0,59.9214
4933.0,60.0444
4934.0,59.7983
4935.0,59.9214
4936.0,59.7983
4937.0,59.6753
4938.0,59.7983
4939.0,59.6753
4940.0,59.6753
4941.0,59.6753
4942.0,59.5522
4943.0,59.6753
4944.0,59.5522
4945.0,59.9214
4946.0,59.7983
4947.0,59.7983
4948.0,59.9214
4949.0,59.7983
4950.0,59.7983
4951.0,59.6753
4952.0,59.9214
4953.0,59.9214
4954.0,59.9214
4955.0,59.7983
4956.0,59.9214
4957.0,59.6753
4958.0,60.0444
4959.0,59.9214
4960.0,59.9214
4961.0,59.7983
4962.0,59.9214
4963.0,59.7983
4964.0,59.6753
4965.0,59.9214
4966.0,59.7983
4967.0,59.6753
4968.0,59.6753
4969.0,59.9214
4970.0,59.9214
4971.0,59.9214
4972.0,59.9214
4973.0,60.0444
4974.0,59.6753
4975.0,59.9214
4976.0,59.6753
4977.0,59.9214
4978.0,59.7983
4979.0,59.7983
4980.0,59.6753
4981.0,59.7983
4982.0,59.4292
4983.0,59.9214
4984.0,59.4292
4985.0,60.0444
4986.0,59.6753
4987.0,59.5522
4988.0,59.6753
4989.0,59.5522
4990.0,59.7983
4991.0,59.7983
4992.0,59.6753
4993.0,59.5522
4994.0,59.7983
4995.0,59.6753
4996.0,59.6753
4997.0,59.9214
4998.0,59.7983
4999.0,59.9214
